Parametros:
 [ 3.51228024e+02 -1.16638386e-05  9.30579340e-05  4.64870466e-03
  4.71366047e-03  7.34257750e-38]
Cov:
 [[ 1.22286590e-02 -2.59418538e-13  2.59408341e-13 -8.09278282e-08
  -8.20586593e-08 -4.74331257e-13]
 [-2.59418538e-13  2.14225774e-12  4.63341577e-25  3.27862095e-18
   5.76611027e-23  9.68013078e-15]
 [ 2.59408341e-13  4.63341577e-25  2.20254393e-12  1.15818712e-23
  -2.19320979e-18 -1.14733682e-15]
 [-8.09278282e-08  3.27862095e-18  1.15818712e-23  2.14228860e-12
   5.15549016e-23 -6.28062245e-15]
 [-8.20586593e-08  5.76611028e-23 -2.19320979e-18  5.15547688e-23
   2.20257655e-12 -1.51413559e-17]
 [-4.74331257e-13  9.68013078e-15 -1.14733682e-15 -6.28062245e-15
  -1.51413559e-17  2.57405359e-04]]
