Parametros:
 [ 2.53440271e+02  3.43996738e-04 -1.91205704e-04  6.84124552e-03
  5.55716489e-03  9.15476034e-02]
Cov:
 [[ 8.16076337e-03  2.51485536e-13 -2.47572558e-13 -1.10147387e-07
  -8.94720218e-08  1.19952846e-13]
 [ 2.51485536e-13  5.92963145e-12 -1.84148625e-13  1.30422483e-17
  -7.33402056e-19  2.41815823e-15]
 [-2.47572558e-13 -1.84148625e-13  3.94051190e-12 -1.55132420e-18
   6.32977777e-19 -5.41566339e-15]
 [-1.10147387e-07  1.30422483e-17 -1.55132420e-18  5.94672711e-12
   1.58473989e-19  1.74752162e-16]
 [-8.94720218e-08 -7.33402056e-19  6.32977777e-19  1.58473988e-19
   3.92378053e-12 -1.10102763e-17]
 [ 1.19952846e-13  2.41815823e-15 -5.41566339e-15  1.74752162e-16
  -1.10102763e-17  1.44908244e-06]]
