Input File Info:
/home/joaoalb/Documents/Cosmologia/GRASP_Student/minus930_minus304_005_922/Retangular_MINUS930_MINUS304_linear_x_980.0/spherical_grid.grd
No. points = [[922 922]]
Grid limits = [[0.1 0.  0.2 0.1]]
Maximum at = [[0.14799131 0.04766558]]

Radius: 0.03
Frequencies (GHz):
[0.98]
NRME:
[1.6482507105314166]
Reconstructed Power Fractions:
[0.9960768648525595]
Residual Power Fraction:
[0.0039231351474308855]
Coefficients:
[array([[ 2.78174270e+01,  0.00000000e+00,  0.00000000e+00],
       [-7.22569211e-01,  1.00000000e+00, -1.00000000e+00],
       [-2.20772046e+00,  1.00000000e+00,  1.00000000e+00],
       [ 2.98220789e-01,  2.00000000e+00, -2.00000000e+00],
       [-2.83803351e+01,  2.00000000e+00,  0.00000000e+00],
       [ 2.88065057e-01,  2.00000000e+00,  2.00000000e+00],
       [ 7.03419398e-02,  3.00000000e+00, -3.00000000e+00],
       [ 5.29924649e-01,  3.00000000e+00, -1.00000000e+00],
       [ 1.56387284e+00,  3.00000000e+00,  1.00000000e+00],
       [-1.29134916e-02,  3.00000000e+00,  3.00000000e+00],
       [ 4.71573815e-01,  4.00000000e+00, -4.00000000e+00],
       [-5.21315555e-01,  4.00000000e+00, -2.00000000e+00],
       [ 2.45156923e+01,  4.00000000e+00,  0.00000000e+00],
       [-5.48956997e-01,  4.00000000e+00,  2.00000000e+00],
       [ 4.83815227e-01,  4.00000000e+00,  4.00000000e+00],
       [-4.14165860e-03,  5.00000000e+00, -5.00000000e+00],
       [-3.61611844e-02,  5.00000000e+00, -3.00000000e+00],
       [ 2.75152478e-01,  5.00000000e+00, -1.00000000e+00],
       [ 1.15375695e+00,  5.00000000e+00,  1.00000000e+00],
       [ 4.00742678e-02,  5.00000000e+00,  3.00000000e+00],
       [ 5.11607929e-02,  5.00000000e+00,  5.00000000e+00],
       [ 1.16537326e-01,  6.00000000e+00, -6.00000000e+00],
       [-9.33193140e-01,  6.00000000e+00, -4.00000000e+00],
       [-1.58216683e-02,  6.00000000e+00, -2.00000000e+00],
       [-1.93837850e+01,  6.00000000e+00,  0.00000000e+00],
       [-1.78302729e-01,  6.00000000e+00,  2.00000000e+00],
       [-7.99233668e-01,  6.00000000e+00,  4.00000000e+00],
       [-2.24102486e-02,  6.00000000e+00,  6.00000000e+00],
       [-2.22253077e-02,  7.00000000e+00, -7.00000000e+00],
       [-3.18334969e-02,  7.00000000e+00, -5.00000000e+00],
       [ 2.38794308e-01,  7.00000000e+00, -3.00000000e+00],
       [-5.54929205e-01,  7.00000000e+00, -1.00000000e+00],
       [-2.01278065e+00,  7.00000000e+00,  1.00000000e+00],
       [ 1.19361241e-01,  7.00000000e+00,  3.00000000e+00],
       [-3.98098029e-02,  7.00000000e+00,  5.00000000e+00],
       [-1.03233287e-02,  7.00000000e+00,  7.00000000e+00],
       [ 2.97527785e-02,  8.00000000e+00, -8.00000000e+00],
       [-3.18004120e-02,  8.00000000e+00, -6.00000000e+00],
       [ 1.18498806e+00,  8.00000000e+00, -4.00000000e+00],
       [-3.88025780e-01,  8.00000000e+00, -2.00000000e+00],
       [ 1.51446029e+01,  8.00000000e+00,  0.00000000e+00],
       [-4.37821858e-01,  8.00000000e+00,  2.00000000e+00],
       [ 9.84389574e-01,  8.00000000e+00,  4.00000000e+00],
       [ 5.60496747e-03,  8.00000000e+00,  6.00000000e+00],
       [-6.53405523e-03,  8.00000000e+00,  8.00000000e+00],
       [ 6.05253175e-03,  9.00000000e+00, -9.00000000e+00],
       [-9.67902163e-03,  9.00000000e+00, -7.00000000e+00],
       [ 3.22646092e-02,  9.00000000e+00, -5.00000000e+00],
       [ 8.48097350e-02,  9.00000000e+00, -3.00000000e+00],
       [ 7.59514241e-01,  9.00000000e+00, -1.00000000e+00],
       [ 2.31395398e+00,  9.00000000e+00,  1.00000000e+00],
       [ 1.29201722e-01,  9.00000000e+00,  3.00000000e+00],
       [ 4.04024570e-02,  9.00000000e+00,  5.00000000e+00],
       [ 2.25484324e-02,  9.00000000e+00,  7.00000000e+00],
       [ 8.04328410e-03,  9.00000000e+00,  9.00000000e+00],
       [ 1.10221662e-02,  1.00000000e+01, -1.00000000e+01],
       [-4.81207536e-02,  1.00000000e+01, -8.00000000e+00],
       [ 8.24555279e-02,  1.00000000e+01, -6.00000000e+00],
       [-1.73142996e+00,  1.00000000e+01, -4.00000000e+00],
       [ 5.06624643e-01,  1.00000000e+01, -2.00000000e+00],
       [-9.08239386e+00,  1.00000000e+01,  0.00000000e+00],
       [ 5.53781516e-01,  1.00000000e+01,  2.00000000e+00],
       [-1.22953196e+00,  1.00000000e+01,  4.00000000e+00],
       [-2.72299647e-02,  1.00000000e+01,  6.00000000e+00],
       [ 1.66580864e-02,  1.00000000e+01,  8.00000000e+00],
       [-1.35704758e-02,  1.00000000e+01,  1.00000000e+01],
       [-8.86711615e-04,  1.10000000e+01, -1.10000000e+01],
       [-4.37400719e-02,  1.10000000e+01, -9.00000000e+00],
       [-2.13274674e-02,  1.10000000e+01, -7.00000000e+00],
       [-1.30199389e-01,  1.10000000e+01, -5.00000000e+00],
       [ 7.71587189e-02,  1.10000000e+01, -3.00000000e+00],
       [-6.44593420e-01,  1.10000000e+01, -1.00000000e+00],
       [-2.18499018e+00,  1.10000000e+01,  1.00000000e+00],
       [ 1.70695812e-02,  1.10000000e+01,  3.00000000e+00],
       [-8.07198849e-02,  1.10000000e+01,  5.00000000e+00],
       [ 7.74200425e-03,  1.10000000e+01,  7.00000000e+00],
       [ 2.30055531e-02,  1.10000000e+01,  9.00000000e+00],
       [ 8.68282365e-03,  1.10000000e+01,  1.10000000e+01],
       [ 2.08793273e-03,  1.20000000e+01, -1.20000000e+01],
       [ 1.75988404e-02,  1.20000000e+01, -1.00000000e+01],
       [ 9.59952662e-02,  1.20000000e+01, -8.00000000e+00],
       [-1.39931400e-01,  1.20000000e+01, -6.00000000e+00],
       [ 1.48248316e+00,  1.20000000e+01, -4.00000000e+00],
       [ 2.05620240e-01,  1.20000000e+01, -2.00000000e+00],
       [ 6.67048354e+00,  1.20000000e+01,  0.00000000e+00],
       [ 3.49445874e-01,  1.20000000e+01,  2.00000000e+00],
       [ 1.12116800e+00,  1.20000000e+01,  4.00000000e+00],
       [ 2.21081679e-02,  1.20000000e+01,  6.00000000e+00],
       [-4.83087477e-02,  1.20000000e+01,  8.00000000e+00],
       [-3.24355123e-02,  1.20000000e+01,  1.00000000e+01],
       [-9.63573414e-05,  1.20000000e+01,  1.20000000e+01],
       [-2.68047432e-03,  1.30000000e+01, -1.30000000e+01],
       [-1.40489711e-02,  1.30000000e+01, -1.10000000e+01],
       [ 3.69857261e-02,  1.30000000e+01, -9.00000000e+00],
       [-4.46402943e-02,  1.30000000e+01, -7.00000000e+00],
       [ 4.75004276e-01,  1.30000000e+01, -5.00000000e+00],
       [-1.72437867e-01,  1.30000000e+01, -3.00000000e+00],
       [-1.79790663e-01,  1.30000000e+01, -1.00000000e+00],
       [-6.84084330e-01,  1.30000000e+01,  1.00000000e+00],
       [-7.99666136e-02,  1.30000000e+01,  3.00000000e+00],
       [ 1.49665265e-01,  1.30000000e+01,  5.00000000e+00],
       [ 1.55722224e-02,  1.30000000e+01,  7.00000000e+00],
       [-1.04271056e-02,  1.30000000e+01,  9.00000000e+00],
       [ 3.94001429e-02,  1.30000000e+01,  1.10000000e+01],
       [-1.68542649e-02,  1.30000000e+01,  1.30000000e+01],
       [ 3.82108879e-03,  1.40000000e+01, -1.40000000e+01],
       [-2.99359564e-03,  1.40000000e+01, -1.20000000e+01],
       [ 1.05516104e-04,  1.40000000e+01, -1.00000000e+01],
       [-5.73092367e-02,  1.40000000e+01, -8.00000000e+00],
       [ 6.60581870e-02,  1.40000000e+01, -6.00000000e+00],
       [-9.29034556e-01,  1.40000000e+01, -4.00000000e+00],
       [ 2.96469906e-01,  1.40000000e+01, -2.00000000e+00],
       [-5.43962230e+00,  1.40000000e+01,  0.00000000e+00],
       [ 4.49872990e-01,  1.40000000e+01,  2.00000000e+00],
       [-7.31237163e-01,  1.40000000e+01,  4.00000000e+00],
       [ 3.17846793e-02,  1.40000000e+01,  6.00000000e+00],
       [ 1.24987544e-02,  1.40000000e+01,  8.00000000e+00],
       [ 6.28420831e-03,  1.40000000e+01,  1.00000000e+01],
       [-2.07742503e-02,  1.40000000e+01,  1.20000000e+01],
       [ 1.91078394e-03,  1.40000000e+01,  1.40000000e+01],
       [ 1.69472831e-04,  1.50000000e+01, -1.50000000e+01],
       [ 5.80764661e-03,  1.50000000e+01, -1.30000000e+01],
       [ 9.19658609e-03,  1.50000000e+01, -1.10000000e+01],
       [-3.69102391e-02,  1.50000000e+01, -9.00000000e+00],
       [ 1.34146888e-01,  1.50000000e+01, -7.00000000e+00],
       [-2.35808743e-01,  1.50000000e+01, -5.00000000e+00],
       [-3.24264791e-01,  1.50000000e+01, -3.00000000e+00],
       [ 5.23531124e-01,  1.50000000e+01, -1.00000000e+00],
       [ 2.29984155e+00,  1.50000000e+01,  1.00000000e+00],
       [-3.00801164e-01,  1.50000000e+01,  3.00000000e+00],
       [-9.18495657e-02,  1.50000000e+01,  5.00000000e+00],
       [-4.22560290e-02,  1.50000000e+01,  7.00000000e+00],
       [ 1.23587598e-02,  1.50000000e+01,  9.00000000e+00],
       [-1.21529447e-02,  1.50000000e+01,  1.10000000e+01],
       [ 9.09791519e-03,  1.50000000e+01,  1.30000000e+01],
       [ 3.90571971e-03,  1.50000000e+01,  1.50000000e+01],
       [-1.87814854e-03,  1.60000000e+01, -1.60000000e+01],
       [-3.78735453e-04,  1.60000000e+01, -1.40000000e+01],
       [-1.28405268e-03,  1.60000000e+01, -1.20000000e+01],
       [-1.97210937e-02,  1.60000000e+01, -1.00000000e+01],
       [-7.18562503e-02,  1.60000000e+01, -8.00000000e+00],
       [-1.52933153e-01,  1.60000000e+01, -6.00000000e+00],
       [ 7.25953225e-01,  1.60000000e+01, -4.00000000e+00],
       [-6.94759688e-01,  1.60000000e+01, -2.00000000e+00],
       [ 1.46096465e+00,  1.60000000e+01,  0.00000000e+00],
       [-1.00083596e+00,  1.60000000e+01,  2.00000000e+00],
       [ 4.47046255e-01,  1.60000000e+01,  4.00000000e+00],
       [-3.17722731e-02,  1.60000000e+01,  6.00000000e+00],
       [ 5.12994210e-02,  1.60000000e+01,  8.00000000e+00],
       [ 1.08521140e-02,  1.60000000e+01,  1.00000000e+01],
       [-1.46847584e-04,  1.60000000e+01,  1.20000000e+01],
       [ 6.08848746e-03,  1.60000000e+01,  1.40000000e+01],
       [ 1.23092281e-04,  1.60000000e+01,  1.60000000e+01],
       [ 1.64937286e-03,  1.70000000e+01, -1.70000000e+01],
       [-3.45669904e-03,  1.70000000e+01, -1.50000000e+01],
       [ 2.40359568e-03,  1.70000000e+01, -1.30000000e+01],
       [ 1.56857562e-03,  1.70000000e+01, -1.10000000e+01],
       [ 2.80972081e-02,  1.70000000e+01, -9.00000000e+00],
       [-4.39546304e-02,  1.70000000e+01, -7.00000000e+00],
       [-2.84794159e-01,  1.70000000e+01, -5.00000000e+00],
       [ 3.33495467e-01,  1.70000000e+01, -3.00000000e+00],
       [-3.22159747e-01,  1.70000000e+01, -1.00000000e+00],
       [-1.39219731e+00,  1.70000000e+01,  1.00000000e+00],
       [ 2.55628512e-01,  1.70000000e+01,  3.00000000e+00],
       [-5.34440550e-02,  1.70000000e+01,  5.00000000e+00],
       [-1.78994238e-02,  1.70000000e+01,  7.00000000e+00],
       [-1.26885026e-02,  1.70000000e+01,  9.00000000e+00],
       [-1.65289886e-02,  1.70000000e+01,  1.10000000e+01],
       [ 1.15740331e-02,  1.70000000e+01,  1.30000000e+01],
       [-5.69029100e-03,  1.70000000e+01,  1.50000000e+01],
       [ 3.21060667e-04,  1.70000000e+01,  1.70000000e+01],
       [-1.11208276e-03,  1.80000000e+01, -1.80000000e+01],
       [ 3.42213059e-03,  1.80000000e+01, -1.60000000e+01],
       [-4.28738185e-03,  1.80000000e+01, -1.40000000e+01],
       [ 3.88409525e-03,  1.80000000e+01, -1.20000000e+01],
       [-3.02673955e-05,  1.80000000e+01, -1.00000000e+01],
       [ 1.54208183e-01,  1.80000000e+01, -8.00000000e+00],
       [ 2.09564513e-01,  1.80000000e+01, -6.00000000e+00],
       [-2.88723656e-01,  1.80000000e+01, -4.00000000e+00],
       [ 2.40165444e-01,  1.80000000e+01, -2.00000000e+00],
       [ 1.71282033e+00,  1.80000000e+01,  0.00000000e+00],
       [ 3.85694145e-01,  1.80000000e+01,  2.00000000e+00],
       [-1.35341802e-01,  1.80000000e+01,  4.00000000e+00],
       [ 3.16310384e-03,  1.80000000e+01,  6.00000000e+00],
       [-4.59405482e-02,  1.80000000e+01,  8.00000000e+00],
       [ 1.74272716e-02,  1.80000000e+01,  1.00000000e+01],
       [ 4.37986525e-03,  1.80000000e+01,  1.20000000e+01],
       [-4.95107687e-03,  1.80000000e+01,  1.40000000e+01],
       [ 2.04100761e-03,  1.80000000e+01,  1.60000000e+01],
       [-3.49443714e-06,  1.80000000e+01,  1.80000000e+01],
       [ 6.84210016e-04,  1.90000000e+01, -1.90000000e+01],
       [-3.90048613e-03,  1.90000000e+01, -1.70000000e+01],
       [ 2.26524618e-03,  1.90000000e+01, -1.50000000e+01],
       [-1.06372394e-04,  1.90000000e+01, -1.30000000e+01],
       [-1.94865158e-03,  1.90000000e+01, -1.10000000e+01],
       [ 4.81474537e-02,  1.90000000e+01, -9.00000000e+00],
       [-1.63072825e-02,  1.90000000e+01, -7.00000000e+00],
       [ 4.02714772e-01,  1.90000000e+01, -5.00000000e+00],
       [-9.16787325e-02,  1.90000000e+01, -3.00000000e+00],
       [ 9.82701545e-02,  1.90000000e+01, -1.00000000e+00],
       [ 2.46793374e-01,  1.90000000e+01,  1.00000000e+00],
       [-2.03614688e-02,  1.90000000e+01,  3.00000000e+00],
       [ 1.21348676e-01,  1.90000000e+01,  5.00000000e+00],
       [ 3.94961251e-02,  1.90000000e+01,  7.00000000e+00],
       [-3.71742484e-02,  1.90000000e+01,  9.00000000e+00],
       [ 1.06726212e-02,  1.90000000e+01,  1.10000000e+01],
       [-9.40555867e-03,  1.90000000e+01,  1.30000000e+01],
       [ 8.30603121e-04,  1.90000000e+01,  1.50000000e+01],
       [-1.57076219e-03,  1.90000000e+01,  1.70000000e+01],
       [-9.74294119e-04,  1.90000000e+01,  1.90000000e+01],
       [ 1.60300844e-04,  2.00000000e+01, -2.00000000e+01],
       [ 1.15386866e-03,  2.00000000e+01, -1.80000000e+01],
       [-2.20727046e-05,  2.00000000e+01, -1.60000000e+01],
       [-1.44265752e-04,  2.00000000e+01, -1.40000000e+01],
       [-5.09639942e-03,  2.00000000e+01, -1.20000000e+01],
       [ 1.95035690e-02,  2.00000000e+01, -1.00000000e+01],
       [-2.15113029e-01,  2.00000000e+01, -8.00000000e+00],
       [-6.53612113e-02,  2.00000000e+01, -6.00000000e+00],
       [-9.85262403e-02,  2.00000000e+01, -4.00000000e+00],
       [ 8.62576011e-02,  2.00000000e+01, -2.00000000e+00],
       [-1.87726324e+00,  2.00000000e+01,  0.00000000e+00],
       [ 6.53530758e-02,  2.00000000e+01,  2.00000000e+00],
       [-1.00181803e-01,  2.00000000e+01,  4.00000000e+00],
       [ 3.77964117e-03,  2.00000000e+01,  6.00000000e+00],
       [ 6.62094504e-02,  2.00000000e+01,  8.00000000e+00],
       [-3.00473925e-02,  2.00000000e+01,  1.00000000e+01],
       [ 1.62950965e-02,  2.00000000e+01,  1.20000000e+01],
       [-3.73133083e-03,  2.00000000e+01,  1.40000000e+01],
       [ 2.30748429e-03,  2.00000000e+01,  1.60000000e+01],
       [-1.09966982e-03,  2.00000000e+01,  1.80000000e+01],
       [ 2.11020691e-03,  2.00000000e+01,  2.00000000e+01],
       [-4.42046059e-04,  2.10000000e+01, -2.10000000e+01],
       [ 8.80453274e-05,  2.10000000e+01, -1.90000000e+01],
       [ 1.99830459e-04,  2.10000000e+01, -1.70000000e+01],
       [ 2.32592147e-03,  2.10000000e+01, -1.50000000e+01],
       [-4.71950130e-03,  2.10000000e+01, -1.30000000e+01],
       [ 8.25033833e-03,  2.10000000e+01, -1.10000000e+01],
       [-9.57166656e-02,  2.10000000e+01, -9.00000000e+00],
       [ 1.64393025e-02,  2.10000000e+01, -7.00000000e+00],
       [-3.53904250e-01,  2.10000000e+01, -5.00000000e+00],
       [-4.90958970e-02,  2.10000000e+01, -3.00000000e+00],
       [ 8.51997761e-02,  2.10000000e+01, -1.00000000e+00],
       [ 4.04684005e-01,  2.10000000e+01,  1.00000000e+00],
       [-9.61246969e-02,  2.10000000e+01,  3.00000000e+00],
       [-1.14901698e-01,  2.10000000e+01,  5.00000000e+00],
       [-2.30388920e-02,  2.10000000e+01,  7.00000000e+00],
       [ 5.45914197e-02,  2.10000000e+01,  9.00000000e+00],
       [-2.29702275e-02,  2.10000000e+01,  1.10000000e+01],
       [ 8.04161160e-04,  2.10000000e+01,  1.30000000e+01],
       [ 3.68851974e-03,  2.10000000e+01,  1.50000000e+01],
       [ 5.73428074e-04,  2.10000000e+01,  1.70000000e+01],
       [ 3.89011549e-04,  2.10000000e+01,  1.90000000e+01],
       [-3.93868430e-04,  2.10000000e+01,  2.10000000e+01]])]