Input File Info:
/home/joaoalb/Documents/Cosmologia/GRASP_Student/minus930_minus304_005_922/Retangular_MINUS930_MINUS304_linear_x_1260.0/spherical_grid.grd
No. points = [[922 922]]
Grid limits = [[0.1 0.  0.2 0.1]]
Maximum at = [[0.14820847 0.04777416]]

Radius: 0.03
Frequencies (GHz):
[1.26]
NRME:
[2.979689244575821]
Reconstructed Power Fractions:
[0.9963372906346066]
Residual Power Fraction:
[0.0036627093653914685]
Coefficients:
[array([[ 2.64847515e+01,  0.00000000e+00,  0.00000000e+00],
       [-6.74494593e-01,  1.00000000e+00, -1.00000000e+00],
       [-1.66406496e+00,  1.00000000e+00,  1.00000000e+00],
       [ 4.71796580e-01,  2.00000000e+00, -2.00000000e+00],
       [-3.13568114e+01,  2.00000000e+00,  0.00000000e+00],
       [ 5.11760132e-01,  2.00000000e+00,  2.00000000e+00],
       [-6.99788880e-02,  3.00000000e+00, -3.00000000e+00],
       [ 6.70781884e-01,  3.00000000e+00, -1.00000000e+00],
       [ 1.09514605e+00,  3.00000000e+00,  1.00000000e+00],
       [-1.25826953e-01,  3.00000000e+00,  3.00000000e+00],
       [ 3.22061544e-01,  4.00000000e+00, -4.00000000e+00],
       [-6.46861614e-01,  4.00000000e+00, -2.00000000e+00],
       [ 2.96951355e+01,  4.00000000e+00,  0.00000000e+00],
       [-7.41125454e-01,  4.00000000e+00,  2.00000000e+00],
       [ 3.28354776e-01,  4.00000000e+00,  4.00000000e+00],
       [-5.37493729e-02,  5.00000000e+00, -5.00000000e+00],
       [ 1.39331105e-01,  5.00000000e+00, -3.00000000e+00],
       [-5.46120986e-02,  5.00000000e+00, -1.00000000e+00],
       [ 1.11390693e+00,  5.00000000e+00,  1.00000000e+00],
       [ 2.44979396e-01,  5.00000000e+00,  3.00000000e+00],
       [ 2.50144783e-02,  5.00000000e+00,  5.00000000e+00],
       [ 1.29827326e-01,  6.00000000e+00, -6.00000000e+00],
       [-5.66999439e-01,  6.00000000e+00, -4.00000000e+00],
       [ 2.75676115e-01,  6.00000000e+00, -2.00000000e+00],
       [-2.51658086e+01,  6.00000000e+00,  0.00000000e+00],
       [ 2.89936481e-01,  6.00000000e+00,  2.00000000e+00],
       [-5.17606537e-01,  6.00000000e+00,  4.00000000e+00],
       [-2.27178328e-02,  6.00000000e+00,  6.00000000e+00],
       [-3.23848871e-02,  7.00000000e+00, -7.00000000e+00],
       [ 1.82330289e-01,  7.00000000e+00, -5.00000000e+00],
       [-1.31873812e-01,  7.00000000e+00, -3.00000000e+00],
       [-2.17528177e-01,  7.00000000e+00, -1.00000000e+00],
       [-2.00739430e+00,  7.00000000e+00,  1.00000000e+00],
       [-3.10491640e-01,  7.00000000e+00,  3.00000000e+00],
       [ 5.01475036e-02,  7.00000000e+00,  5.00000000e+00],
       [-1.50135270e-03,  7.00000000e+00,  7.00000000e+00],
       [ 2.30956472e-02,  8.00000000e+00, -8.00000000e+00],
       [-6.35201523e-02,  8.00000000e+00, -6.00000000e+00],
       [ 7.57971910e-01,  8.00000000e+00, -4.00000000e+00],
       [-4.31865819e-01,  8.00000000e+00, -2.00000000e+00],
       [ 1.97529659e+01,  8.00000000e+00,  0.00000000e+00],
       [-5.77596471e-01,  8.00000000e+00,  2.00000000e+00],
       [ 6.37863947e-01,  8.00000000e+00,  4.00000000e+00],
       [ 1.81342073e-02,  8.00000000e+00,  6.00000000e+00],
       [-3.08462785e-03,  8.00000000e+00,  8.00000000e+00],
       [ 6.71308632e-03,  9.00000000e+00, -9.00000000e+00],
       [ 4.61206083e-04,  9.00000000e+00, -7.00000000e+00],
       [-5.56076544e-01,  9.00000000e+00, -5.00000000e+00],
       [ 4.56322010e-01,  9.00000000e+00, -3.00000000e+00],
       [ 6.40394104e-01,  9.00000000e+00, -1.00000000e+00],
       [ 2.88554438e+00,  9.00000000e+00,  1.00000000e+00],
       [ 5.70874580e-01,  9.00000000e+00,  3.00000000e+00],
       [-1.58299638e-01,  9.00000000e+00,  5.00000000e+00],
       [ 1.29505108e-02,  9.00000000e+00,  7.00000000e+00],
       [ 6.48810022e-03,  9.00000000e+00,  9.00000000e+00],
       [ 7.82022949e-03,  1.00000000e+01, -1.00000000e+01],
       [-5.42975552e-02,  1.00000000e+01, -8.00000000e+00],
       [ 4.89516075e-02,  1.00000000e+01, -6.00000000e+00],
       [-1.15639886e+00,  1.00000000e+01, -4.00000000e+00],
       [ 1.88656507e-01,  1.00000000e+01, -2.00000000e+00],
       [-1.40150829e+01,  1.00000000e+01,  0.00000000e+00],
       [ 2.45257847e-01,  1.00000000e+01,  2.00000000e+00],
       [-8.17281985e-01,  1.00000000e+01,  4.00000000e+00],
       [-5.71461378e-02,  1.00000000e+01,  6.00000000e+00],
       [ 1.73883431e-02,  1.00000000e+01,  8.00000000e+00],
       [-7.45831510e-03,  1.00000000e+01,  1.00000000e+01],
       [ 1.19175816e-03,  1.10000000e+01, -1.10000000e+01],
       [-4.09216029e-03,  1.10000000e+01, -9.00000000e+00],
       [-3.18808045e-02,  1.10000000e+01, -7.00000000e+00],
       [ 7.39061231e-01,  1.10000000e+01, -5.00000000e+00],
       [-1.34871744e-01,  1.10000000e+01, -3.00000000e+00],
       [-5.05963145e-01,  1.10000000e+01, -1.00000000e+00],
       [-2.25448653e+00,  1.10000000e+01,  1.00000000e+00],
       [-2.67084264e-01,  1.10000000e+01,  3.00000000e+00],
       [ 2.38788835e-01,  1.10000000e+01,  5.00000000e+00],
       [ 1.17985193e-02,  1.10000000e+01,  7.00000000e+00],
       [-1.27368197e-02,  1.10000000e+01,  9.00000000e+00],
       [-2.98006239e-03,  1.10000000e+01,  1.10000000e+01],
       [ 1.58385779e-03,  1.20000000e+01, -1.20000000e+01],
       [ 7.71317894e-07,  1.20000000e+01, -1.00000000e+01],
       [ 9.56241876e-02,  1.20000000e+01, -8.00000000e+00],
       [ 9.66946379e-02,  1.20000000e+01, -6.00000000e+00],
       [ 1.12542963e+00,  1.20000000e+01, -4.00000000e+00],
       [-5.92412047e-02,  1.20000000e+01, -2.00000000e+00],
       [ 1.00130813e+01,  1.20000000e+01,  0.00000000e+00],
       [-9.14554695e-02,  1.20000000e+01,  2.00000000e+00],
       [ 8.73775560e-01,  1.20000000e+01,  4.00000000e+00],
       [ 5.86187877e-02,  1.20000000e+01,  6.00000000e+00],
       [-4.03219190e-02,  1.20000000e+01,  8.00000000e+00],
       [ 5.74458820e-03,  1.20000000e+01,  1.00000000e+01],
       [ 3.81314679e-03,  1.20000000e+01,  1.20000000e+01],
       [-4.22082005e-03,  1.30000000e+01, -1.30000000e+01],
       [-8.03177701e-04,  1.30000000e+01, -1.10000000e+01],
       [ 4.14880268e-03,  1.30000000e+01, -9.00000000e+00],
       [-2.19365325e-02,  1.30000000e+01, -7.00000000e+00],
       [-5.43488384e-01,  1.30000000e+01, -5.00000000e+00],
       [ 3.03392191e-01,  1.30000000e+01, -3.00000000e+00],
       [ 1.39444723e-01,  1.30000000e+01, -1.00000000e+00],
       [ 6.66539279e-01,  1.30000000e+01,  1.00000000e+00],
       [ 3.25242025e-01,  1.30000000e+01,  3.00000000e+00],
       [-2.17488279e-01,  1.30000000e+01,  5.00000000e+00],
       [ 2.38446851e-02,  1.30000000e+01,  7.00000000e+00],
       [ 1.19375144e-02,  1.30000000e+01,  9.00000000e+00],
       [-6.78594478e-03,  1.30000000e+01,  1.10000000e+01],
       [-7.43158973e-03,  1.30000000e+01,  1.30000000e+01],
       [ 2.51527642e-03,  1.40000000e+01, -1.40000000e+01],
       [-8.80696135e-04,  1.40000000e+01, -1.20000000e+01],
       [-5.76907798e-03,  1.40000000e+01, -1.00000000e+01],
       [-1.19230416e-01,  1.40000000e+01, -8.00000000e+00],
       [-1.80776731e-01,  1.40000000e+01, -6.00000000e+00],
       [-1.42632152e+00,  1.40000000e+01, -4.00000000e+00],
       [ 3.28817175e-01,  1.40000000e+01, -2.00000000e+00],
       [-6.56506818e+00,  1.40000000e+01,  0.00000000e+00],
       [ 4.05442269e-01,  1.40000000e+01,  2.00000000e+00],
       [-9.91874359e-01,  1.40000000e+01,  4.00000000e+00],
       [-4.46207917e-02,  1.40000000e+01,  6.00000000e+00],
       [ 2.73907002e-02,  1.40000000e+01,  8.00000000e+00],
       [ 1.18919202e-02,  1.40000000e+01,  1.00000000e+01],
       [ 2.21359195e-02,  1.40000000e+01,  1.20000000e+01],
       [ 5.56655382e-03,  1.40000000e+01,  1.40000000e+01],
       [ 1.52325994e-03,  1.50000000e+01, -1.50000000e+01],
       [-6.90501614e-03,  1.50000000e+01, -1.30000000e+01],
       [-1.18607237e-04,  1.50000000e+01, -1.10000000e+01],
       [-2.69894853e-02,  1.50000000e+01, -9.00000000e+00],
       [ 3.78531875e-02,  1.50000000e+01, -7.00000000e+00],
       [ 5.80209515e-01,  1.50000000e+01, -5.00000000e+00],
       [-3.18606608e-01,  1.50000000e+01, -3.00000000e+00],
       [-1.73092804e-01,  1.50000000e+01, -1.00000000e+00],
       [-4.38446431e-01,  1.50000000e+01,  1.00000000e+00],
       [-2.47048357e-01,  1.50000000e+01,  3.00000000e+00],
       [ 1.77780379e-01,  1.50000000e+01,  5.00000000e+00],
       [-1.16494254e-02,  1.50000000e+01,  7.00000000e+00],
       [ 1.00377944e-02,  1.50000000e+01,  9.00000000e+00],
       [-1.09318165e-03,  1.50000000e+01,  1.10000000e+01],
       [-1.87665442e-02,  1.50000000e+01,  1.30000000e+01],
       [-1.57530605e-04,  1.50000000e+01,  1.50000000e+01],
       [-5.34072495e-03,  1.60000000e+01, -1.60000000e+01],
       [ 1.03564666e-02,  1.60000000e+01, -1.40000000e+01],
       [ 1.74624320e-03,  1.60000000e+01, -1.20000000e+01],
       [ 8.18183328e-03,  1.60000000e+01, -1.00000000e+01],
       [ 1.49475283e-01,  1.60000000e+01, -8.00000000e+00],
       [ 2.17991694e-02,  1.60000000e+01, -6.00000000e+00],
       [ 1.45013086e+00,  1.60000000e+01, -4.00000000e+00],
       [ 9.76140026e-02,  1.60000000e+01, -2.00000000e+00],
       [ 3.87523047e+00,  1.60000000e+01,  0.00000000e+00],
       [ 2.45317374e-01,  1.60000000e+01,  2.00000000e+00],
       [ 9.84486586e-01,  1.60000000e+01,  4.00000000e+00],
       [ 7.00878835e-02,  1.60000000e+01,  6.00000000e+00],
       [-6.58804278e-02,  1.60000000e+01,  8.00000000e+00],
       [-1.46491463e-02,  1.60000000e+01,  1.00000000e+01],
       [-1.00633556e-02,  1.60000000e+01,  1.20000000e+01],
       [ 1.37017285e-02,  1.60000000e+01,  1.40000000e+01],
       [-4.52914413e-03,  1.60000000e+01,  1.60000000e+01],
       [ 1.96215726e-03,  1.70000000e+01, -1.70000000e+01],
       [-7.91453564e-03,  1.70000000e+01, -1.50000000e+01],
       [ 1.70244071e-03,  1.70000000e+01, -1.30000000e+01],
       [-4.62047946e-03,  1.70000000e+01, -1.10000000e+01],
       [ 4.67504573e-02,  1.70000000e+01, -9.00000000e+00],
       [-1.79165753e-02,  1.70000000e+01, -7.00000000e+00],
       [-2.62992111e-01,  1.70000000e+01, -5.00000000e+00],
       [-2.28899932e-01,  1.70000000e+01, -3.00000000e+00],
       [-2.69322841e-01,  1.70000000e+01, -1.00000000e+00],
       [-7.63538806e-01,  1.70000000e+01,  1.00000000e+00],
       [-2.11090696e-01,  1.70000000e+01,  3.00000000e+00],
       [-1.02689311e-01,  1.70000000e+01,  5.00000000e+00],
       [-1.93627054e-02,  1.70000000e+01,  7.00000000e+00],
       [-2.95772278e-03,  1.70000000e+01,  9.00000000e+00],
       [ 1.69119031e-02,  1.70000000e+01,  1.10000000e+01],
       [ 1.22020092e-03,  1.70000000e+01,  1.30000000e+01],
       [-1.68608827e-03,  1.70000000e+01,  1.50000000e+01],
       [ 9.10282354e-04,  1.70000000e+01,  1.70000000e+01],
       [ 4.05235736e-03,  1.80000000e+01, -1.80000000e+01],
       [ 6.86369917e-04,  1.80000000e+01, -1.60000000e+01],
       [ 1.17501302e-03,  1.80000000e+01, -1.40000000e+01],
       [ 1.86386322e-05,  1.80000000e+01, -1.20000000e+01],
       [-1.32095755e-03,  1.80000000e+01, -1.00000000e+01],
       [-1.26977791e-01,  1.80000000e+01, -8.00000000e+00],
       [-1.23787592e-02,  1.80000000e+01, -6.00000000e+00],
       [-9.15183765e-01,  1.80000000e+01, -4.00000000e+00],
       [-1.65088995e-01,  1.80000000e+01, -2.00000000e+00],
       [-2.69705826e+00,  1.80000000e+01,  0.00000000e+00],
       [-2.65778708e-01,  1.80000000e+01,  2.00000000e+00],
       [-7.27636574e-01,  1.80000000e+01,  4.00000000e+00],
       [-1.34703521e-02,  1.80000000e+01,  6.00000000e+00],
       [ 5.71929251e-02,  1.80000000e+01,  8.00000000e+00],
       [-2.57002365e-03,  1.80000000e+01,  1.00000000e+01],
       [-1.57478394e-02,  1.80000000e+01,  1.20000000e+01],
       [-3.86381291e-03,  1.80000000e+01,  1.40000000e+01],
       [-3.99313608e-03,  1.80000000e+01,  1.60000000e+01],
       [ 2.71791619e-03,  1.80000000e+01,  1.80000000e+01],
       [-3.59874773e-03,  1.90000000e+01, -1.90000000e+01],
       [ 5.77947791e-03,  1.90000000e+01, -1.70000000e+01],
       [-6.19225970e-03,  1.90000000e+01, -1.50000000e+01],
       [ 6.03412628e-03,  1.90000000e+01, -1.30000000e+01],
       [ 1.40684234e-03,  1.90000000e+01, -1.10000000e+01],
       [-6.93639094e-02,  1.90000000e+01, -9.00000000e+00],
       [ 1.37282353e-01,  1.90000000e+01, -7.00000000e+00],
       [-6.48352310e-03,  1.90000000e+01, -5.00000000e+00],
       [ 7.50426025e-02,  1.90000000e+01, -3.00000000e+00],
       [ 7.30621777e-01,  1.90000000e+01, -1.00000000e+00],
       [ 2.31816495e+00,  1.90000000e+01,  1.00000000e+00],
       [ 9.58878617e-02,  1.90000000e+01,  3.00000000e+00],
       [ 3.68989755e-02,  1.90000000e+01,  5.00000000e+00],
       [-3.03010613e-02,  1.90000000e+01,  7.00000000e+00],
       [ 4.09244413e-02,  1.90000000e+01,  9.00000000e+00],
       [ 8.72653765e-03,  1.90000000e+01,  1.10000000e+01],
       [ 2.56670868e-02,  1.90000000e+01,  1.30000000e+01],
       [-2.00944961e-03,  1.90000000e+01,  1.50000000e+01],
       [ 3.44911944e-03,  1.90000000e+01,  1.70000000e+01],
       [ 1.21989008e-03,  1.90000000e+01,  1.90000000e+01],
       [ 5.78570855e-04,  2.00000000e+01, -2.00000000e+01],
       [-4.75589058e-03,  2.00000000e+01, -1.80000000e+01],
       [ 7.42546227e-03,  2.00000000e+01, -1.60000000e+01],
       [-8.09242925e-03,  2.00000000e+01, -1.40000000e+01],
       [-3.56903193e-03,  2.00000000e+01, -1.20000000e+01],
       [-1.41088639e-03,  2.00000000e+01, -1.00000000e+01],
       [ 1.29955037e-02,  2.00000000e+01, -8.00000000e+00],
       [-5.09962630e-02,  2.00000000e+01, -6.00000000e+00],
       [ 5.73269408e-01,  2.00000000e+01, -4.00000000e+00],
       [-3.78436188e-01,  2.00000000e+01, -2.00000000e+00],
       [ 1.38427818e+00,  2.00000000e+01,  0.00000000e+00],
       [-5.60680551e-01,  2.00000000e+01,  2.00000000e+00],
       [ 4.14608661e-01,  2.00000000e+01,  4.00000000e+00],
       [-1.59560425e-02,  2.00000000e+01,  6.00000000e+00],
       [ 2.35117439e-02,  2.00000000e+01,  8.00000000e+00],
       [-1.40444104e-02,  2.00000000e+01,  1.00000000e+01],
       [-1.22955569e-03,  2.00000000e+01,  1.20000000e+01],
       [-5.88633075e-03,  2.00000000e+01,  1.40000000e+01],
       [ 3.19110013e-03,  2.00000000e+01,  1.60000000e+01],
       [ 2.07520750e-03,  2.00000000e+01,  1.80000000e+01],
       [-1.52819336e-03,  2.00000000e+01,  2.00000000e+01],
       [ 5.12154831e-04,  2.10000000e+01, -2.10000000e+01],
       [ 4.31563278e-04,  2.10000000e+01, -1.90000000e+01],
       [-2.27342599e-03,  2.10000000e+01, -1.70000000e+01],
       [ 5.28291931e-03,  2.10000000e+01, -1.50000000e+01],
       [-5.63184158e-05,  2.10000000e+01, -1.30000000e+01],
       [ 5.63374855e-03,  2.10000000e+01, -1.10000000e+01],
       [ 9.91642816e-02,  2.10000000e+01, -9.00000000e+00],
       [-1.46138045e-01,  2.10000000e+01, -7.00000000e+00],
       [-2.26747427e-01,  2.10000000e+01, -5.00000000e+00],
       [ 2.58114169e-01,  2.10000000e+01, -3.00000000e+00],
       [-4.97050249e-01,  2.10000000e+01, -1.00000000e+00],
       [-1.90476486e+00,  2.10000000e+01,  1.00000000e+00],
       [ 1.81602372e-01,  2.10000000e+01,  3.00000000e+00],
       [-4.77440854e-02,  2.10000000e+01,  5.00000000e+00],
       [ 1.11999128e-02,  2.10000000e+01,  7.00000000e+00],
       [-8.11407477e-02,  2.10000000e+01,  9.00000000e+00],
       [-1.31797670e-02,  2.10000000e+01,  1.10000000e+01],
       [-1.24088629e-02,  2.10000000e+01,  1.30000000e+01],
       [ 4.89506990e-03,  2.10000000e+01,  1.50000000e+01],
       [ 1.00223604e-03,  2.10000000e+01,  1.70000000e+01],
       [ 5.32025136e-05,  2.10000000e+01,  1.90000000e+01],
       [ 1.60478460e-03,  2.10000000e+01,  2.10000000e+01]])]