Input File Info:
/home/joaoalb/Documents/Cosmologia/GRASP_Student/minus930_minus304_005_922/Retangular_MINUS930_MINUS304_linear_x_1020.0/spherical_grid.grd
No. points = [[922 922]]
Grid limits = [[0.1 0.  0.2 0.1]]
Maximum at = [[0.14799131 0.04766558]]

Radius: 0.03
Frequencies (GHz):
[1.02]
NRME:
[1.9715566042738415]
Reconstructed Power Fractions:
[0.9961167932271828]
Residual Power Fraction:
[0.0038832067728245246]
Coefficients:
[array([[ 2.81188228e+01,  0.00000000e+00,  0.00000000e+00],
       [-7.14712812e-01,  1.00000000e+00, -1.00000000e+00],
       [-2.20220264e+00,  1.00000000e+00,  1.00000000e+00],
       [ 3.32331850e-01,  2.00000000e+00, -2.00000000e+00],
       [-2.88113867e+01,  2.00000000e+00,  0.00000000e+00],
       [ 3.14826413e-01,  2.00000000e+00,  2.00000000e+00],
       [ 1.08117723e-01,  3.00000000e+00, -3.00000000e+00],
       [ 5.51023582e-01,  3.00000000e+00, -1.00000000e+00],
       [ 1.48785739e+00,  3.00000000e+00,  1.00000000e+00],
       [ 1.73339453e-02,  3.00000000e+00,  3.00000000e+00],
       [ 3.80924595e-01,  4.00000000e+00, -4.00000000e+00],
       [-4.63454162e-01,  4.00000000e+00, -2.00000000e+00],
       [ 2.58827801e+01,  4.00000000e+00,  0.00000000e+00],
       [-4.84898648e-01,  4.00000000e+00,  2.00000000e+00],
       [ 4.44675343e-01,  4.00000000e+00,  4.00000000e+00],
       [ 7.28777005e-03,  5.00000000e+00, -5.00000000e+00],
       [ 2.97113024e-02,  5.00000000e+00, -3.00000000e+00],
       [ 2.16335568e-01,  5.00000000e+00, -1.00000000e+00],
       [ 9.27904539e-01,  5.00000000e+00,  1.00000000e+00],
       [ 1.11823493e-01,  5.00000000e+00,  3.00000000e+00],
       [ 4.84024651e-02,  5.00000000e+00,  5.00000000e+00],
       [ 1.21620502e-01,  6.00000000e+00, -6.00000000e+00],
       [-9.59306172e-01,  6.00000000e+00, -4.00000000e+00],
       [ 1.72917975e-01,  6.00000000e+00, -2.00000000e+00],
       [-2.01052793e+01,  6.00000000e+00,  0.00000000e+00],
       [ 6.86141842e-02,  6.00000000e+00,  2.00000000e+00],
       [-7.86821933e-01,  6.00000000e+00,  4.00000000e+00],
       [-2.33114924e-02,  6.00000000e+00,  6.00000000e+00],
       [-3.31074039e-02,  7.00000000e+00, -7.00000000e+00],
       [ 5.89479058e-02,  7.00000000e+00, -5.00000000e+00],
       [ 1.86163872e-01,  7.00000000e+00, -3.00000000e+00],
       [-6.45238520e-01,  7.00000000e+00, -1.00000000e+00],
       [-2.43419434e+00,  7.00000000e+00,  1.00000000e+00],
       [ 6.76990958e-02,  7.00000000e+00,  3.00000000e+00],
       [-1.67281122e-02,  7.00000000e+00,  5.00000000e+00],
       [-3.13977725e-03,  7.00000000e+00,  7.00000000e+00],
       [ 3.12313611e-02,  8.00000000e+00, -8.00000000e+00],
       [-4.60312378e-02,  8.00000000e+00, -6.00000000e+00],
       [ 1.15270201e+00,  8.00000000e+00, -4.00000000e+00],
       [-1.38660749e-01,  8.00000000e+00, -2.00000000e+00],
       [ 1.59917402e+01,  8.00000000e+00,  0.00000000e+00],
       [-1.03170977e-01,  8.00000000e+00,  2.00000000e+00],
       [ 9.71423065e-01,  8.00000000e+00,  4.00000000e+00],
       [ 1.41769781e-02,  8.00000000e+00,  6.00000000e+00],
       [-9.51214728e-03,  8.00000000e+00,  8.00000000e+00],
       [ 1.35051750e-03,  9.00000000e+00, -9.00000000e+00],
       [-1.31445029e-03,  9.00000000e+00, -7.00000000e+00],
       [ 3.15631384e-04,  9.00000000e+00, -5.00000000e+00],
       [ 1.35605491e-02,  9.00000000e+00, -3.00000000e+00],
       [ 7.06618010e-01,  9.00000000e+00, -1.00000000e+00],
       [ 2.19515184e+00,  9.00000000e+00,  1.00000000e+00],
       [ 9.30695544e-02,  9.00000000e+00,  3.00000000e+00],
       [ 1.66040596e-02,  9.00000000e+00,  5.00000000e+00],
       [ 2.26536715e-02,  9.00000000e+00,  7.00000000e+00],
       [ 1.09084091e-02,  9.00000000e+00,  9.00000000e+00],
       [ 1.72064871e-02,  1.00000000e+01, -1.00000000e+01],
       [-5.58647432e-02,  1.00000000e+01, -8.00000000e+00],
       [ 3.10045973e-02,  1.00000000e+01, -6.00000000e+00],
       [-1.62868126e+00,  1.00000000e+01, -4.00000000e+00],
       [ 6.42899793e-01,  1.00000000e+01, -2.00000000e+00],
       [-1.03690584e+01,  1.00000000e+01,  0.00000000e+00],
       [ 7.66466866e-01,  1.00000000e+01,  2.00000000e+00],
       [-1.18282867e+00,  1.00000000e+01,  4.00000000e+00],
       [-2.16303083e-02,  1.00000000e+01,  6.00000000e+00],
       [ 1.51405099e-02,  1.00000000e+01,  8.00000000e+00],
       [-2.11388933e-02,  1.00000000e+01,  1.00000000e+01],
       [-2.71775469e-03,  1.10000000e+01, -1.10000000e+01],
       [-3.23291142e-02,  1.10000000e+01, -9.00000000e+00],
       [-9.01303714e-03,  1.10000000e+01, -7.00000000e+00],
       [-1.71595372e-02,  1.10000000e+01, -5.00000000e+00],
       [-1.00152470e-01,  1.10000000e+01, -3.00000000e+00],
       [-7.52387841e-01,  1.10000000e+01, -1.00000000e+00],
       [-2.38609692e+00,  1.10000000e+01,  1.00000000e+00],
       [-1.34382091e-01,  1.10000000e+01,  3.00000000e+00],
       [-3.86994546e-02,  1.10000000e+01,  5.00000000e+00],
       [-2.51654394e-03,  1.10000000e+01,  7.00000000e+00],
       [ 1.32383328e-02,  1.10000000e+01,  9.00000000e+00],
       [ 1.90213285e-02,  1.10000000e+01,  1.10000000e+01],
       [ 1.04910549e-03,  1.20000000e+01, -1.20000000e+01],
       [ 8.34209006e-03,  1.20000000e+01, -1.00000000e+01],
       [ 9.85405062e-02,  1.20000000e+01, -8.00000000e+00],
       [-1.19880460e-01,  1.20000000e+01, -6.00000000e+00],
       [ 1.70247625e+00,  1.20000000e+01, -4.00000000e+00],
       [ 1.70695089e-02,  1.20000000e+01, -2.00000000e+00],
       [ 6.47153627e+00,  1.20000000e+01,  0.00000000e+00],
       [ 1.38043564e-01,  1.20000000e+01,  2.00000000e+00],
       [ 1.22489119e+00,  1.20000000e+01,  4.00000000e+00],
       [ 3.76892666e-02,  1.20000000e+01,  6.00000000e+00],
       [-4.45235133e-02,  1.20000000e+01,  8.00000000e+00],
       [-1.76180214e-02,  1.20000000e+01,  1.00000000e+01],
       [-1.46478711e-02,  1.20000000e+01,  1.20000000e+01],
       [ 5.69881735e-04,  1.30000000e+01, -1.30000000e+01],
       [-1.05458029e-02,  1.30000000e+01, -1.10000000e+01],
       [ 4.62092210e-02,  1.30000000e+01, -9.00000000e+00],
       [-1.12912172e-02,  1.30000000e+01, -7.00000000e+00],
       [ 3.16554371e-01,  1.30000000e+01, -5.00000000e+00],
       [-1.98908420e-01,  1.30000000e+01, -3.00000000e+00],
       [ 8.02786476e-02,  1.30000000e+01, -1.00000000e+00],
       [ 3.00008648e-01,  1.30000000e+01,  1.00000000e+00],
       [-1.05907782e-01,  1.30000000e+01,  3.00000000e+00],
       [ 1.04448650e-01,  1.30000000e+01,  5.00000000e+00],
       [ 3.02232263e-04,  1.30000000e+01,  7.00000000e+00],
       [-1.83846843e-02,  1.30000000e+01,  9.00000000e+00],
       [ 2.85539207e-02,  1.30000000e+01,  1.10000000e+01],
       [-9.10175422e-03,  1.30000000e+01,  1.30000000e+01],
       [ 3.72776012e-03,  1.40000000e+01, -1.40000000e+01],
       [-2.57581988e-03,  1.40000000e+01, -1.20000000e+01],
       [-6.00033272e-03,  1.40000000e+01, -1.00000000e+01],
       [-9.56801537e-02,  1.40000000e+01, -8.00000000e+00],
       [ 9.53294549e-02,  1.40000000e+01, -6.00000000e+00],
       [-1.08848835e+00,  1.40000000e+01, -4.00000000e+00],
       [-5.43672859e-02,  1.40000000e+01, -2.00000000e+00],
       [-5.66124033e+00,  1.40000000e+01,  0.00000000e+00],
       [-6.10953880e-02,  1.40000000e+01,  2.00000000e+00],
       [-8.62216447e-01,  1.40000000e+01,  4.00000000e+00],
       [ 6.31066600e-03,  1.40000000e+01,  6.00000000e+00],
       [ 3.89783993e-02,  1.40000000e+01,  8.00000000e+00],
       [ 1.45400729e-02,  1.40000000e+01,  1.00000000e+01],
       [-1.72946082e-02,  1.40000000e+01,  1.20000000e+01],
       [ 6.83954692e-03,  1.40000000e+01,  1.40000000e+01],
       [-1.62749838e-03,  1.50000000e+01, -1.50000000e+01],
       [ 5.98866579e-03,  1.50000000e+01, -1.30000000e+01],
       [ 1.35673319e-02,  1.50000000e+01, -1.10000000e+01],
       [-4.14962696e-02,  1.50000000e+01, -9.00000000e+00],
       [ 1.18648358e-01,  1.50000000e+01, -7.00000000e+00],
       [-3.70492406e-01,  1.50000000e+01, -5.00000000e+00],
       [-1.23232294e-01,  1.50000000e+01, -3.00000000e+00],
       [ 5.60947368e-01,  1.50000000e+01, -1.00000000e+00],
       [ 2.25400415e+00,  1.50000000e+01,  1.00000000e+00],
       [-1.55795573e-01,  1.50000000e+01,  3.00000000e+00],
       [-1.13766575e-01,  1.50000000e+01,  5.00000000e+00],
       [-4.09189594e-02,  1.50000000e+01,  7.00000000e+00],
       [ 1.26167915e-02,  1.50000000e+01,  9.00000000e+00],
       [-2.73484684e-02,  1.50000000e+01,  1.10000000e+01],
       [ 1.68621048e-02,  1.50000000e+01,  1.30000000e+01],
       [ 1.46022941e-04,  1.50000000e+01,  1.50000000e+01],
       [-1.54235009e-03,  1.60000000e+01, -1.60000000e+01],
       [-3.13322430e-03,  1.60000000e+01, -1.40000000e+01],
       [-9.02343282e-04,  1.60000000e+01, -1.20000000e+01],
       [-2.11487233e-02,  1.60000000e+01, -1.00000000e+01],
       [-1.75854309e-02,  1.60000000e+01, -8.00000000e+00],
       [-9.43670570e-02,  1.60000000e+01, -6.00000000e+00],
       [ 7.29649068e-01,  1.60000000e+01, -4.00000000e+00],
       [-6.27673596e-01,  1.60000000e+01, -2.00000000e+00],
       [ 2.89277575e+00,  1.60000000e+01,  0.00000000e+00],
       [-9.26849778e-01,  1.60000000e+01,  2.00000000e+00],
       [ 5.09403887e-01,  1.60000000e+01,  4.00000000e+00],
       [-3.62092078e-02,  1.60000000e+01,  6.00000000e+00],
       [ 3.37697078e-02,  1.60000000e+01,  8.00000000e+00],
       [ 1.37392465e-02,  1.60000000e+01,  1.00000000e+01],
       [ 1.64151664e-02,  1.60000000e+01,  1.20000000e+01],
       [ 1.88665141e-03,  1.60000000e+01,  1.40000000e+01],
       [ 6.84159723e-04,  1.60000000e+01,  1.60000000e+01],
       [ 8.99378639e-04,  1.70000000e+01, -1.70000000e+01],
       [-1.74815897e-03,  1.70000000e+01, -1.50000000e+01],
       [-1.27416754e-03,  1.70000000e+01, -1.30000000e+01],
       [-2.91902424e-03,  1.70000000e+01, -1.10000000e+01],
       [ 5.06843101e-02,  1.70000000e+01, -9.00000000e+00],
       [-1.06063415e-01,  1.70000000e+01, -7.00000000e+00],
       [-1.46714410e-01,  1.70000000e+01, -5.00000000e+00],
       [ 4.32876470e-01,  1.70000000e+01, -3.00000000e+00],
       [-4.31228223e-01,  1.70000000e+01, -1.00000000e+00],
       [-1.94883764e+00,  1.70000000e+01,  1.00000000e+00],
       [ 3.56282055e-01,  1.70000000e+01,  3.00000000e+00],
       [-1.45118505e-02,  1.70000000e+01,  5.00000000e+00],
       [ 1.69316369e-02,  1.70000000e+01,  7.00000000e+00],
       [-2.58757593e-02,  1.70000000e+01,  9.00000000e+00],
       [-1.06083768e-02,  1.70000000e+01,  1.10000000e+01],
       [-1.52194146e-03,  1.70000000e+01,  1.30000000e+01],
       [-5.23233540e-03,  1.70000000e+01,  1.50000000e+01],
       [ 1.09987090e-04,  1.70000000e+01,  1.70000000e+01],
       [-4.78443103e-04,  1.80000000e+01, -1.80000000e+01],
       [ 2.52793770e-03,  1.80000000e+01, -1.60000000e+01],
       [-1.80526971e-03,  1.80000000e+01, -1.40000000e+01],
       [ 4.02111213e-03,  1.80000000e+01, -1.20000000e+01],
       [ 1.29925960e-02,  1.80000000e+01, -1.00000000e+01],
       [ 1.33687876e-01,  1.80000000e+01, -8.00000000e+00],
       [ 2.05521328e-01,  1.80000000e+01, -6.00000000e+00],
       [-4.66844098e-01,  1.80000000e+01, -4.00000000e+00],
       [ 4.61602183e-01,  1.80000000e+01, -2.00000000e+00],
       [ 8.56955780e-01,  1.80000000e+01,  0.00000000e+00],
       [ 6.81926591e-01,  1.80000000e+01,  2.00000000e+00],
       [-2.33634133e-01,  1.80000000e+01,  4.00000000e+00],
       [ 1.06535684e-02,  1.80000000e+01,  6.00000000e+00],
       [-5.53175487e-02,  1.80000000e+01,  8.00000000e+00],
       [ 7.35339010e-03,  1.80000000e+01,  1.00000000e+01],
       [ 7.56398275e-03,  1.80000000e+01,  1.20000000e+01],
       [-6.29664416e-03,  1.80000000e+01,  1.40000000e+01],
       [ 2.26099409e-03,  1.80000000e+01,  1.60000000e+01],
       [-3.29795106e-04,  1.80000000e+01,  1.80000000e+01],
       [ 8.28604142e-04,  1.90000000e+01, -1.90000000e+01],
       [-3.05404139e-03,  1.90000000e+01, -1.70000000e+01],
       [ 3.05604682e-03,  1.90000000e+01, -1.50000000e+01],
       [-2.35583496e-03,  1.90000000e+01, -1.30000000e+01],
       [-8.61279429e-04,  1.90000000e+01, -1.10000000e+01],
       [-2.11802140e-03,  1.90000000e+01, -9.00000000e+00],
       [-1.06946842e-02,  1.90000000e+01, -7.00000000e+00],
       [ 4.75628336e-01,  1.90000000e+01, -5.00000000e+00],
       [-1.54340362e-01,  1.90000000e+01, -3.00000000e+00],
       [ 1.47016703e-01,  1.90000000e+01, -1.00000000e+00],
       [ 5.44333259e-01,  1.90000000e+01,  1.00000000e+00],
       [-7.83318827e-02,  1.90000000e+01,  3.00000000e+00],
       [ 1.28200365e-01,  1.90000000e+01,  5.00000000e+00],
       [ 4.05122258e-02,  1.90000000e+01,  7.00000000e+00],
       [-6.64365029e-03,  1.90000000e+01,  9.00000000e+00],
       [ 1.08862629e-02,  1.90000000e+01,  1.10000000e+01],
       [-1.44730965e-02,  1.90000000e+01,  1.30000000e+01],
       [ 4.01711664e-03,  1.90000000e+01,  1.50000000e+01],
       [-1.29922962e-03,  1.90000000e+01,  1.70000000e+01],
       [-6.57953979e-04,  1.90000000e+01,  1.90000000e+01],
       [-2.08012274e-04,  2.00000000e+01, -2.00000000e+01],
       [ 1.80734167e-03,  2.00000000e+01, -1.80000000e+01],
       [-2.35082631e-03,  2.00000000e+01, -1.60000000e+01],
       [ 3.53575011e-03,  2.00000000e+01, -1.40000000e+01],
       [-4.16671788e-03,  2.00000000e+01, -1.20000000e+01],
       [ 1.18734026e-02,  2.00000000e+01, -1.00000000e+01],
       [-1.95534506e-01,  2.00000000e+01, -8.00000000e+00],
       [-1.51122932e-01,  2.00000000e+01, -6.00000000e+00],
       [-9.25258101e-04,  2.00000000e+01, -4.00000000e+00],
       [ 2.14596270e-02,  2.00000000e+01, -2.00000000e+00],
       [-2.07304779e+00,  2.00000000e+01,  0.00000000e+00],
       [-2.78207163e-02,  2.00000000e+01,  2.00000000e+00],
       [-3.47654508e-02,  2.00000000e+01,  4.00000000e+00],
       [ 5.00090138e-03,  2.00000000e+01,  6.00000000e+00],
       [ 5.42264509e-02,  2.00000000e+01,  8.00000000e+00],
       [-3.09778170e-02,  2.00000000e+01,  1.00000000e+01],
       [ 7.13296169e-03,  2.00000000e+01,  1.20000000e+01],
       [ 2.71049504e-03,  2.00000000e+01,  1.40000000e+01],
       [ 1.41020897e-03,  2.00000000e+01,  1.60000000e+01],
       [-5.49763340e-04,  2.00000000e+01,  1.80000000e+01],
       [ 3.02645524e-03,  2.00000000e+01,  2.00000000e+01],
       [-1.77740081e-04,  2.10000000e+01, -2.10000000e+01],
       [-8.27975933e-04,  2.10000000e+01, -1.90000000e+01],
       [ 3.32830963e-03,  2.10000000e+01, -1.70000000e+01],
       [-1.00029385e-03,  2.10000000e+01, -1.50000000e+01],
       [-2.31770560e-03,  2.10000000e+01, -1.30000000e+01],
       [ 2.08515610e-03,  2.10000000e+01, -1.10000000e+01],
       [-7.63908189e-02,  2.10000000e+01, -9.00000000e+00],
       [ 2.58166242e-02,  2.10000000e+01, -7.00000000e+00],
       [-3.99632410e-01,  2.10000000e+01, -5.00000000e+00],
       [-4.80893608e-02,  2.10000000e+01, -3.00000000e+00],
       [ 2.27068373e-02,  2.10000000e+01, -1.00000000e+00],
       [ 2.41013360e-01,  2.10000000e+01,  1.00000000e+00],
       [-1.06966685e-01,  2.10000000e+01,  3.00000000e+00],
       [-1.36425661e-01,  2.10000000e+01,  5.00000000e+00],
       [-3.40353915e-02,  2.10000000e+01,  7.00000000e+00],
       [ 5.43504916e-02,  2.10000000e+01,  9.00000000e+00],
       [-1.10889830e-02,  2.10000000e+01,  1.10000000e+01],
       [ 4.98673286e-03,  2.10000000e+01,  1.30000000e+01],
       [ 1.52507967e-03,  2.10000000e+01,  1.50000000e+01],
       [ 1.42455956e-03,  2.10000000e+01,  1.70000000e+01],
       [ 3.64604387e-04,  2.10000000e+01,  1.90000000e+01],
       [-3.93339450e-04,  2.10000000e+01,  2.10000000e+01]])]