Input File Info:
/home/joaoalb/Documents/Cosmologia/GRASP_Student/minus930_minus304_005_922/Retangular_MINUS930_MINUS304_linear_x_1140.0/spherical_grid.grd
No. points = [[922 922]]
Grid limits = [[0.1 0.  0.2 0.1]]
Maximum at = [[0.14809989 0.04766558]]

Radius: 0.03
Frequencies (GHz):
[1.14]
NRME:
[2.9072002029170787]
Reconstructed Power Fractions:
[0.9957301970726984]
Residual Power Fraction:
[0.004269802927295869]
Coefficients:
[array([[ 2.77215954e+01,  0.00000000e+00,  0.00000000e+00],
       [-7.40294234e-01,  1.00000000e+00, -1.00000000e+00],
       [-2.38023083e+00,  1.00000000e+00,  1.00000000e+00],
       [ 6.51789705e-01,  2.00000000e+00, -2.00000000e+00],
       [-3.05488278e+01,  2.00000000e+00,  0.00000000e+00],
       [ 7.61910031e-01,  2.00000000e+00,  2.00000000e+00],
       [-2.66721746e-02,  3.00000000e+00, -3.00000000e+00],
       [ 3.74226931e-01,  3.00000000e+00, -1.00000000e+00],
       [ 1.04510233e+00,  3.00000000e+00,  1.00000000e+00],
       [-1.05151661e-01,  3.00000000e+00,  3.00000000e+00],
       [ 3.58815860e-01,  4.00000000e+00, -4.00000000e+00],
       [-2.56396367e-01,  4.00000000e+00, -2.00000000e+00],
       [ 2.78882352e+01,  4.00000000e+00,  0.00000000e+00],
       [-1.80059930e-01,  4.00000000e+00,  2.00000000e+00],
       [ 4.05921652e-01,  4.00000000e+00,  4.00000000e+00],
       [ 1.11529106e-01,  5.00000000e+00, -5.00000000e+00],
       [-4.18577623e-02,  5.00000000e+00, -3.00000000e+00],
       [ 5.93025259e-02,  5.00000000e+00, -1.00000000e+00],
       [ 3.68481568e-01,  5.00000000e+00,  1.00000000e+00],
       [ 9.05704265e-02,  5.00000000e+00,  3.00000000e+00],
       [ 4.89708816e-02,  5.00000000e+00,  5.00000000e+00],
       [ 7.17200536e-02,  6.00000000e+00, -6.00000000e+00],
       [-6.60720794e-01,  6.00000000e+00, -4.00000000e+00],
       [ 4.52394041e-01,  6.00000000e+00, -2.00000000e+00],
       [-2.34434512e+01,  6.00000000e+00,  0.00000000e+00],
       [ 5.20287299e-01,  6.00000000e+00,  2.00000000e+00],
       [-6.12264313e-01,  6.00000000e+00,  4.00000000e+00],
       [ 8.59097898e-05,  6.00000000e+00,  6.00000000e+00],
       [-2.10288864e-02,  7.00000000e+00, -7.00000000e+00],
       [ 2.69389212e-01,  7.00000000e+00, -5.00000000e+00],
       [-2.08641616e-01,  7.00000000e+00, -3.00000000e+00],
       [-7.99912955e-01,  7.00000000e+00, -1.00000000e+00],
       [-2.42965300e+00,  7.00000000e+00,  1.00000000e+00],
       [-3.42109865e-01,  7.00000000e+00,  3.00000000e+00],
       [ 5.40803120e-02,  7.00000000e+00,  5.00000000e+00],
       [-1.14251644e-02,  7.00000000e+00,  7.00000000e+00],
       [ 4.17912572e-02,  8.00000000e+00, -8.00000000e+00],
       [-1.15431104e-01,  8.00000000e+00, -6.00000000e+00],
       [ 1.15943281e+00,  8.00000000e+00, -4.00000000e+00],
       [-2.18350495e-01,  8.00000000e+00, -2.00000000e+00],
       [ 1.73216178e+01,  8.00000000e+00,  0.00000000e+00],
       [-1.34522950e-01,  8.00000000e+00,  2.00000000e+00],
       [ 8.86452402e-01,  8.00000000e+00,  4.00000000e+00],
       [ 3.84964448e-02,  8.00000000e+00,  6.00000000e+00],
       [-2.29232021e-02,  8.00000000e+00,  8.00000000e+00],
       [ 3.22503804e-04,  9.00000000e+00, -9.00000000e+00],
       [ 4.17755077e-02,  9.00000000e+00, -7.00000000e+00],
       [-3.19785330e-01,  9.00000000e+00, -5.00000000e+00],
       [-5.77923142e-02,  9.00000000e+00, -3.00000000e+00],
       [ 8.40670146e-01,  9.00000000e+00, -1.00000000e+00],
       [ 2.74265741e+00,  9.00000000e+00,  1.00000000e+00],
       [ 9.49861989e-02,  9.00000000e+00,  3.00000000e+00],
       [-1.13173459e-01,  9.00000000e+00,  5.00000000e+00],
       [-4.32998983e-03,  9.00000000e+00,  7.00000000e+00],
       [ 2.44109529e-02,  9.00000000e+00,  9.00000000e+00],
       [ 8.90038114e-03,  1.00000000e+01, -1.00000000e+01],
       [-5.86289617e-02,  1.00000000e+01, -8.00000000e+00],
       [-4.68450485e-02,  1.00000000e+01, -6.00000000e+00],
       [-1.20604021e+00,  1.00000000e+01, -4.00000000e+00],
       [ 1.42271344e-01,  1.00000000e+01, -2.00000000e+00],
       [-1.30683352e+01,  1.00000000e+01,  0.00000000e+00],
       [ 1.58119215e-01,  1.00000000e+01,  2.00000000e+00],
       [-9.71141590e-01,  1.00000000e+01,  4.00000000e+00],
       [-3.08217527e-02,  1.00000000e+01,  6.00000000e+00],
       [ 1.57879101e-02,  1.00000000e+01,  8.00000000e+00],
       [-1.51508070e-02,  1.00000000e+01,  1.00000000e+01],
       [-2.48245225e-03,  1.10000000e+01, -1.10000000e+01],
       [-1.65542715e-02,  1.10000000e+01, -9.00000000e+00],
       [ 2.19724455e-02,  1.10000000e+01, -7.00000000e+00],
       [ 2.95334879e-01,  1.10000000e+01, -5.00000000e+00],
       [-2.11408499e-01,  1.10000000e+01, -3.00000000e+00],
       [-6.94731403e-01,  1.10000000e+01, -1.00000000e+00],
       [-1.67534478e+00,  1.10000000e+01,  1.00000000e+00],
       [-2.96918385e-01,  1.10000000e+01,  3.00000000e+00],
       [ 1.15730500e-01,  1.10000000e+01,  5.00000000e+00],
       [-2.85736744e-02,  1.10000000e+01,  7.00000000e+00],
       [ 9.28509261e-03,  1.10000000e+01,  9.00000000e+00],
       [ 1.34177776e-02,  1.10000000e+01,  1.10000000e+01],
       [ 3.72568068e-03,  1.20000000e+01, -1.20000000e+01],
       [-6.16823443e-03,  1.20000000e+01, -1.00000000e+01],
       [ 1.02718761e-01,  1.20000000e+01, -8.00000000e+00],
       [ 6.23290168e-02,  1.20000000e+01, -6.00000000e+00],
       [ 1.59995046e+00,  1.20000000e+01, -4.00000000e+00],
       [-5.44049693e-01,  1.20000000e+01, -2.00000000e+00],
       [ 8.49439759e+00,  1.20000000e+01,  0.00000000e+00],
       [-6.38993226e-01,  1.20000000e+01,  2.00000000e+00],
       [ 1.14537389e+00,  1.20000000e+01,  4.00000000e+00],
       [ 3.66364737e-02,  1.20000000e+01,  6.00000000e+00],
       [-2.85855513e-02,  1.20000000e+01,  8.00000000e+00],
       [ 3.79647250e-03,  1.20000000e+01,  1.00000000e+01],
       [-2.34656744e-02,  1.20000000e+01,  1.20000000e+01],
       [ 7.03352569e-03,  1.30000000e+01, -1.30000000e+01],
       [-1.63595226e-03,  1.30000000e+01, -1.10000000e+01],
       [ 2.83820729e-02,  1.30000000e+01, -9.00000000e+00],
       [ 2.10397281e-02,  1.30000000e+01, -7.00000000e+00],
       [-2.80190117e-01,  1.30000000e+01, -5.00000000e+00],
       [ 1.66579949e-01,  1.30000000e+01, -3.00000000e+00],
       [ 5.79794204e-01,  1.30000000e+01, -1.00000000e+00],
       [ 1.46016862e+00,  1.30000000e+01,  1.00000000e+00],
       [ 2.20864879e-01,  1.30000000e+01,  3.00000000e+00],
       [-1.14312438e-01,  1.30000000e+01,  5.00000000e+00],
       [-6.58139919e-03,  1.30000000e+01,  7.00000000e+00],
       [ 1.22442562e-03,  1.30000000e+01,  9.00000000e+00],
       [-9.91412849e-03,  1.30000000e+01,  1.10000000e+01],
       [ 1.31450316e-02,  1.30000000e+01,  1.30000000e+01],
       [-6.25725248e-03,  1.40000000e+01, -1.40000000e+01],
       [ 6.27673051e-04,  1.40000000e+01, -1.20000000e+01],
       [ 1.15913087e-04,  1.40000000e+01, -1.00000000e+01],
       [-1.43488250e-01,  1.40000000e+01, -8.00000000e+00],
       [-2.19570432e-03,  1.40000000e+01, -6.00000000e+00],
       [-1.60567208e+00,  1.40000000e+01, -4.00000000e+00],
       [-3.75886530e-02,  1.40000000e+01, -2.00000000e+00],
       [-5.08112596e+00,  1.40000000e+01,  0.00000000e+00],
       [-1.88301408e-01,  1.40000000e+01,  2.00000000e+00],
       [-1.13106901e+00,  1.40000000e+01,  4.00000000e+00],
       [-5.35671538e-02,  1.40000000e+01,  6.00000000e+00],
       [ 6.28982088e-02,  1.40000000e+01,  8.00000000e+00],
       [ 1.44694791e-03,  1.40000000e+01,  1.00000000e+01],
       [ 2.42948213e-02,  1.40000000e+01,  1.20000000e+01],
       [-8.17555889e-04,  1.40000000e+01,  1.40000000e+01],
       [-1.47487193e-03,  1.50000000e+01, -1.50000000e+01],
       [-9.90309679e-04,  1.50000000e+01, -1.30000000e+01],
       [ 1.13070204e-02,  1.50000000e+01, -1.10000000e+01],
       [-5.50057463e-02,  1.50000000e+01, -9.00000000e+00],
       [ 3.95263818e-02,  1.50000000e+01, -7.00000000e+00],
       [-2.65785876e-02,  1.50000000e+01, -5.00000000e+00],
       [ 1.51987494e-01,  1.50000000e+01, -3.00000000e+00],
       [ 4.65769971e-02,  1.50000000e+01, -1.00000000e+00],
       [ 3.09926951e-01,  1.50000000e+01,  1.00000000e+00],
       [ 9.87769240e-02,  1.50000000e+01,  3.00000000e+00],
       [ 2.81647678e-02,  1.50000000e+01,  5.00000000e+00],
       [-1.00516838e-02,  1.50000000e+01,  7.00000000e+00],
       [ 2.28581296e-02,  1.50000000e+01,  9.00000000e+00],
       [-2.68995406e-02,  1.50000000e+01,  1.10000000e+01],
       [-3.44771742e-03,  1.50000000e+01,  1.30000000e+01],
       [-5.49758341e-03,  1.50000000e+01,  1.50000000e+01],
       [ 7.36648290e-03,  1.60000000e+01, -1.60000000e+01],
       [-5.11464968e-03,  1.60000000e+01, -1.40000000e+01],
       [ 2.25786983e-03,  1.60000000e+01, -1.20000000e+01],
       [-2.34996922e-03,  1.60000000e+01, -1.00000000e+01],
       [ 1.21685605e-01,  1.60000000e+01, -8.00000000e+00],
       [-2.54977555e-02,  1.60000000e+01, -6.00000000e+00],
       [ 1.08424904e+00,  1.60000000e+01, -4.00000000e+00],
       [ 1.59657434e-01,  1.60000000e+01, -2.00000000e+00],
       [ 4.18578112e+00,  1.60000000e+01,  0.00000000e+00],
       [ 1.96514848e-01,  1.60000000e+01,  2.00000000e+00],
       [ 8.38186343e-01,  1.60000000e+01,  4.00000000e+00],
       [ 1.96248919e-02,  1.60000000e+01,  6.00000000e+00],
       [-4.36527205e-02,  1.60000000e+01,  8.00000000e+00],
       [ 1.76575138e-03,  1.60000000e+01,  1.00000000e+01],
       [ 2.16717542e-02,  1.60000000e+01,  1.20000000e+01],
       [-8.08437813e-03,  1.60000000e+01,  1.40000000e+01],
       [ 7.95727386e-03,  1.60000000e+01,  1.60000000e+01],
       [-4.43233870e-03,  1.70000000e+01, -1.70000000e+01],
       [ 7.19319736e-03,  1.70000000e+01, -1.50000000e+01],
       [-6.23156133e-03,  1.70000000e+01, -1.30000000e+01],
       [-1.01541518e-02,  1.70000000e+01, -1.10000000e+01],
       [ 7.86682907e-02,  1.70000000e+01, -9.00000000e+00],
       [-9.64570022e-02,  1.70000000e+01, -7.00000000e+00],
       [ 1.43384738e-01,  1.70000000e+01, -5.00000000e+00],
       [-1.22833252e-02,  1.70000000e+01, -3.00000000e+00],
       [-5.96411318e-01,  1.70000000e+01, -1.00000000e+00],
       [-2.44263127e+00,  1.70000000e+01,  1.00000000e+00],
       [ 4.45721448e-02,  1.70000000e+01,  3.00000000e+00],
       [ 9.68663395e-03,  1.70000000e+01,  5.00000000e+00],
       [ 2.45826936e-02,  1.70000000e+01,  7.00000000e+00],
       [-3.94186783e-02,  1.70000000e+01,  9.00000000e+00],
       [ 1.72114761e-02,  1.70000000e+01,  1.10000000e+01],
       [-2.16341359e-02,  1.70000000e+01,  1.30000000e+01],
       [ 7.99712090e-03,  1.70000000e+01,  1.50000000e+01],
       [ 6.54142204e-04,  1.70000000e+01,  1.70000000e+01],
       [-1.50618270e-03,  1.80000000e+01, -1.80000000e+01],
       [-4.38267549e-04,  1.80000000e+01, -1.60000000e+01],
       [ 3.68606350e-03,  1.80000000e+01, -1.40000000e+01],
       [ 3.33992945e-03,  1.80000000e+01, -1.20000000e+01],
       [ 3.02822589e-02,  1.80000000e+01, -1.00000000e+01],
       [-2.90499421e-02,  1.80000000e+01, -8.00000000e+00],
       [ 5.41238855e-02,  1.80000000e+01, -6.00000000e+00],
       [-6.52975616e-01,  1.80000000e+01, -4.00000000e+00],
       [ 4.08002852e-01,  1.80000000e+01, -2.00000000e+00],
       [-2.26789819e+00,  1.80000000e+01,  0.00000000e+00],
       [ 7.06847876e-01,  1.80000000e+01,  2.00000000e+00],
       [-4.76111612e-01,  1.80000000e+01,  4.00000000e+00],
       [ 1.91995001e-02,  1.80000000e+01,  6.00000000e+00],
       [-7.02804412e-03,  1.80000000e+01,  8.00000000e+00],
       [-2.66198114e-02,  1.80000000e+01,  1.00000000e+01],
       [-1.05740264e-02,  1.80000000e+01,  1.20000000e+01],
       [ 5.82508973e-03,  1.80000000e+01,  1.40000000e+01],
       [ 2.88427587e-03,  1.80000000e+01,  1.60000000e+01],
       [-1.57068560e-03,  1.80000000e+01,  1.80000000e+01],
       [ 1.60893806e-03,  1.90000000e+01, -1.90000000e+01],
       [-4.91904850e-03,  1.90000000e+01, -1.70000000e+01],
       [ 8.18975420e-04,  1.90000000e+01, -1.50000000e+01],
       [ 1.10827005e-03,  1.90000000e+01, -1.30000000e+01],
       [ 3.00195667e-03,  1.90000000e+01, -1.10000000e+01],
       [-9.75134944e-02,  1.90000000e+01, -9.00000000e+00],
       [ 1.36675844e-01,  1.90000000e+01, -7.00000000e+00],
       [ 1.21549974e-01,  1.90000000e+01, -5.00000000e+00],
       [-3.49017326e-01,  1.90000000e+01, -3.00000000e+00],
       [ 5.03506129e-01,  1.90000000e+01, -1.00000000e+00],
       [ 2.15826838e+00,  1.90000000e+01,  1.00000000e+00],
       [-3.14926065e-01,  1.90000000e+01,  3.00000000e+00],
       [ 3.44575548e-02,  1.90000000e+01,  5.00000000e+00],
       [-2.53902906e-02,  1.90000000e+01,  7.00000000e+00],
       [ 6.30081374e-02,  1.90000000e+01,  9.00000000e+00],
       [ 1.07292469e-02,  1.90000000e+01,  1.10000000e+01],
       [ 1.30193279e-02,  1.90000000e+01,  1.30000000e+01],
       [ 3.06438408e-03,  1.90000000e+01,  1.50000000e+01],
       [-2.57430542e-03,  1.90000000e+01,  1.70000000e+01],
       [-9.04311730e-04,  1.90000000e+01,  1.90000000e+01],
       [-9.75592915e-04,  2.00000000e+01, -2.00000000e+01],
       [ 2.64454596e-03,  2.00000000e+01, -1.80000000e+01],
       [-3.07095225e-03,  2.00000000e+01, -1.60000000e+01],
       [-1.96787769e-03,  2.00000000e+01, -1.40000000e+01],
       [-3.92473669e-03,  2.00000000e+01, -1.20000000e+01],
       [-2.07159405e-02,  2.00000000e+01, -1.00000000e+01],
       [-9.08381488e-02,  2.00000000e+01, -8.00000000e+00],
       [-1.67950349e-01,  2.00000000e+01, -6.00000000e+00],
       [ 3.89689822e-01,  2.00000000e+01, -4.00000000e+00],
       [-5.02446218e-01,  2.00000000e+01, -2.00000000e+00],
       [-6.01949266e-01,  2.00000000e+01,  0.00000000e+00],
       [-8.14953378e-01,  2.00000000e+01,  2.00000000e+00],
       [ 2.14136376e-01,  2.00000000e+01,  4.00000000e+00],
       [-1.49621077e-02,  2.00000000e+01,  6.00000000e+00],
       [ 4.55976045e-02,  2.00000000e+01,  8.00000000e+00],
       [-3.43239050e-03,  2.00000000e+01,  1.00000000e+01],
       [ 8.55793601e-03,  2.00000000e+01,  1.20000000e+01],
       [ 3.86035166e-03,  2.00000000e+01,  1.40000000e+01],
       [-1.75940091e-03,  2.00000000e+01,  1.60000000e+01],
       [-5.59912853e-04,  2.00000000e+01,  1.80000000e+01],
       [ 3.91647100e-03,  2.00000000e+01,  2.00000000e+01],
       [-4.39317524e-04,  2.10000000e+01, -2.10000000e+01],
       [ 4.62816499e-04,  2.10000000e+01, -1.90000000e+01],
       [ 1.21780092e-03,  2.10000000e+01, -1.70000000e+01],
       [ 2.84446628e-04,  2.10000000e+01, -1.50000000e+01],
       [ 1.79112378e-04,  2.10000000e+01, -1.30000000e+01],
       [-5.88533034e-03,  2.10000000e+01, -1.10000000e+01],
       [ 8.44692826e-02,  2.10000000e+01, -9.00000000e+00],
       [-3.81367098e-02,  2.10000000e+01, -7.00000000e+00],
       [-5.12556101e-01,  2.10000000e+01, -5.00000000e+00],
       [ 2.29074368e-01,  2.10000000e+01, -3.00000000e+00],
       [-8.00710716e-02,  2.10000000e+01, -1.00000000e+00],
       [-4.11274903e-01,  2.10000000e+01,  1.00000000e+00],
       [ 1.58960910e-01,  2.10000000e+01,  3.00000000e+00],
       [-1.29838910e-01,  2.10000000e+01,  5.00000000e+00],
       [-2.22159856e-02,  2.10000000e+01,  7.00000000e+00],
       [-5.12410375e-02,  2.10000000e+01,  9.00000000e+00],
       [ 8.80294825e-04,  2.10000000e+01,  1.10000000e+01],
       [-1.04809593e-03,  2.10000000e+01,  1.30000000e+01],
       [-2.00978218e-03,  2.10000000e+01,  1.50000000e+01],
       [ 7.89677007e-04,  2.10000000e+01,  1.70000000e+01],
       [ 3.51875861e-04,  2.10000000e+01,  1.90000000e+01],
       [-1.23574755e-03,  2.10000000e+01,  2.10000000e+01]])]