Input File Info:
/home/joaoalb/Documents/Cosmologia/GRASP_Student/minus930_minus304_005_922/Retangular_MINUS930_MINUS304_linear_x_1100.0/spherical_grid.grd
No. points = [[922 922]]
Grid limits = [[0.1 0.  0.2 0.1]]
Maximum at = [[0.14809989 0.04766558]]

Radius: 0.03
Frequencies (GHz):
[1.1]
NRME:
[2.6758427711966086]
Reconstructed Power Fractions:
[0.9958257421486777]
Residual Power Fraction:
[0.004174257851317365]
Coefficients:
[array([[ 2.80635300e+01,  0.00000000e+00,  0.00000000e+00],
       [-7.20495805e-01,  1.00000000e+00, -1.00000000e+00],
       [-2.43453487e+00,  1.00000000e+00,  1.00000000e+00],
       [ 5.98134540e-01,  2.00000000e+00, -2.00000000e+00],
       [-2.99043716e+01,  2.00000000e+00,  0.00000000e+00],
       [ 6.57279669e-01,  2.00000000e+00,  2.00000000e+00],
       [ 7.75480780e-02,  3.00000000e+00, -3.00000000e+00],
       [ 4.65771395e-01,  3.00000000e+00, -1.00000000e+00],
       [ 1.26129672e+00,  3.00000000e+00,  1.00000000e+00],
       [-9.03862572e-03,  3.00000000e+00,  3.00000000e+00],
       [ 2.99659474e-01,  4.00000000e+00, -4.00000000e+00],
       [-2.28735154e-01,  4.00000000e+00, -2.00000000e+00],
       [ 2.74502479e+01,  4.00000000e+00,  0.00000000e+00],
       [-1.82139353e-01,  4.00000000e+00,  2.00000000e+00],
       [ 4.01239516e-01,  4.00000000e+00,  4.00000000e+00],
       [ 7.13025177e-02,  5.00000000e+00, -5.00000000e+00],
       [ 3.72261952e-02,  5.00000000e+00, -3.00000000e+00],
       [ 9.74068980e-02,  5.00000000e+00, -1.00000000e+00],
       [ 2.33071011e-01,  5.00000000e+00,  1.00000000e+00],
       [ 1.50899959e-01,  5.00000000e+00,  3.00000000e+00],
       [ 4.93341352e-02,  5.00000000e+00,  5.00000000e+00],
       [ 1.03819194e-01,  6.00000000e+00, -6.00000000e+00],
       [-8.18338871e-01,  6.00000000e+00, -4.00000000e+00],
       [ 4.92902479e-01,  6.00000000e+00, -2.00000000e+00],
       [-2.23720580e+01,  6.00000000e+00,  0.00000000e+00],
       [ 5.17812226e-01,  6.00000000e+00,  2.00000000e+00],
       [-6.86872897e-01,  6.00000000e+00,  4.00000000e+00],
       [-4.69143816e-03,  6.00000000e+00,  6.00000000e+00],
       [-4.64516233e-02,  7.00000000e+00, -7.00000000e+00],
       [ 2.32411144e-01,  7.00000000e+00, -5.00000000e+00],
       [-4.64432889e-02,  7.00000000e+00, -3.00000000e+00],
       [-7.75139305e-01,  7.00000000e+00, -1.00000000e+00],
       [-2.50314678e+00,  7.00000000e+00,  1.00000000e+00],
       [-1.75761359e-01,  7.00000000e+00,  3.00000000e+00],
       [ 4.82136414e-02,  7.00000000e+00,  5.00000000e+00],
       [ 1.54004051e-03,  7.00000000e+00,  7.00000000e+00],
       [ 3.55100159e-02,  8.00000000e+00, -8.00000000e+00],
       [-8.68877430e-02,  8.00000000e+00, -6.00000000e+00],
       [ 1.14730019e+00,  8.00000000e+00, -4.00000000e+00],
       [-2.60806346e-02,  8.00000000e+00, -2.00000000e+00],
       [ 1.67966129e+01,  8.00000000e+00,  0.00000000e+00],
       [ 1.01060954e-01,  8.00000000e+00,  2.00000000e+00],
       [ 9.20072447e-01,  8.00000000e+00,  4.00000000e+00],
       [ 3.87037271e-02,  8.00000000e+00,  6.00000000e+00],
       [-1.84536939e-02,  8.00000000e+00,  8.00000000e+00],
       [ 8.17700229e-03,  9.00000000e+00, -9.00000000e+00],
       [ 1.02884093e-02,  9.00000000e+00, -7.00000000e+00],
       [-1.97490254e-01,  9.00000000e+00, -5.00000000e+00],
       [-7.24836182e-02,  9.00000000e+00, -3.00000000e+00],
       [ 7.57335692e-01,  9.00000000e+00, -1.00000000e+00],
       [ 2.27950744e+00,  9.00000000e+00,  1.00000000e+00],
       [ 5.23397560e-02,  9.00000000e+00,  3.00000000e+00],
       [-6.71573592e-02,  9.00000000e+00,  5.00000000e+00],
       [ 1.34303160e-02,  9.00000000e+00,  7.00000000e+00],
       [ 6.07300978e-03,  9.00000000e+00,  9.00000000e+00],
       [ 1.26166675e-02,  1.00000000e+01, -1.00000000e+01],
       [-6.17081760e-02,  1.00000000e+01, -8.00000000e+00],
       [-3.45380509e-02,  1.00000000e+01, -6.00000000e+00],
       [-1.33155620e+00,  1.00000000e+01, -4.00000000e+00],
       [ 3.72838889e-01,  1.00000000e+01, -2.00000000e+00],
       [-1.26042704e+01,  1.00000000e+01,  0.00000000e+00],
       [ 4.46834649e-01,  1.00000000e+01,  2.00000000e+00],
       [-1.04261640e+00,  1.00000000e+01,  4.00000000e+00],
       [-1.82193770e-02,  1.00000000e+01,  6.00000000e+00],
       [ 1.28291622e-02,  1.00000000e+01,  8.00000000e+00],
       [-1.78512250e-02,  1.00000000e+01,  1.00000000e+01],
       [-4.22805947e-03,  1.10000000e+01, -1.10000000e+01],
       [-1.21959666e-02,  1.10000000e+01, -9.00000000e+00],
       [-2.30776903e-03,  1.10000000e+01, -7.00000000e+00],
       [ 2.17499238e-01,  1.10000000e+01, -5.00000000e+00],
       [-2.05431023e-01,  1.10000000e+01, -3.00000000e+00],
       [-7.38115456e-01,  1.10000000e+01, -1.00000000e+00],
       [-1.80885803e+00,  1.10000000e+01,  1.00000000e+00],
       [-2.82380036e-01,  1.10000000e+01,  3.00000000e+00],
       [ 8.49506824e-02,  1.10000000e+01,  5.00000000e+00],
       [-1.56935286e-02,  1.10000000e+01,  7.00000000e+00],
       [-2.36497850e-03,  1.10000000e+01,  9.00000000e+00],
       [ 2.38110432e-02,  1.10000000e+01,  1.10000000e+01],
       [ 1.42984425e-03,  1.20000000e+01, -1.20000000e+01],
       [-7.42274167e-03,  1.20000000e+01, -1.00000000e+01],
       [ 1.03692526e-01,  1.20000000e+01, -8.00000000e+00],
       [ 4.30135797e-03,  1.20000000e+01, -6.00000000e+00],
       [ 1.72409852e+00,  1.20000000e+01, -4.00000000e+00],
       [-4.44618207e-01,  1.20000000e+01, -2.00000000e+00],
       [ 7.55403111e+00,  1.20000000e+01,  0.00000000e+00],
       [-4.66195739e-01,  1.20000000e+01,  2.00000000e+00],
       [ 1.21338301e+00,  1.20000000e+01,  4.00000000e+00],
       [ 4.49244684e-02,  1.20000000e+01,  6.00000000e+00],
       [-3.45831764e-02,  1.20000000e+01,  8.00000000e+00],
       [ 4.40070782e-03,  1.20000000e+01,  1.00000000e+01],
       [-3.31347212e-02,  1.20000000e+01,  1.20000000e+01],
       [ 6.62350500e-03,  1.30000000e+01, -1.30000000e+01],
       [-5.27963721e-03,  1.30000000e+01, -1.10000000e+01],
       [ 3.98179785e-02,  1.30000000e+01, -9.00000000e+00],
       [ 7.98340826e-04,  1.30000000e+01, -7.00000000e+00],
       [-1.02324107e-01,  1.30000000e+01, -5.00000000e+00],
       [ 2.88424456e-02,  1.30000000e+01, -3.00000000e+00],
       [ 4.89794480e-01,  1.30000000e+01, -1.00000000e+00],
       [ 1.35037692e+00,  1.30000000e+01,  1.00000000e+00],
       [ 7.38768238e-02,  1.30000000e+01,  3.00000000e+00],
       [-4.61877890e-02,  1.30000000e+01,  5.00000000e+00],
       [-1.71074783e-03,  1.30000000e+01,  7.00000000e+00],
       [-1.32689738e-02,  1.30000000e+01,  9.00000000e+00],
       [ 3.75489346e-03,  1.30000000e+01,  1.10000000e+01],
       [ 1.22798941e-02,  1.30000000e+01,  1.30000000e+01],
       [ 8.91739478e-04,  1.40000000e+01, -1.40000000e+01],
       [-1.21167622e-03,  1.40000000e+01, -1.20000000e+01],
       [-7.45770783e-03,  1.40000000e+01, -1.00000000e+01],
       [-1.37612049e-01,  1.40000000e+01, -8.00000000e+00],
       [ 5.07031123e-02,  1.40000000e+01, -6.00000000e+00],
       [-1.49913967e+00,  1.40000000e+01, -4.00000000e+00],
       [-1.81492112e-01,  1.40000000e+01, -2.00000000e+00],
       [-5.14942674e+00,  1.40000000e+01,  0.00000000e+00],
       [-3.52685224e-01,  1.40000000e+01,  2.00000000e+00],
       [-1.09053174e+00,  1.40000000e+01,  4.00000000e+00],
       [-4.06183115e-02,  1.40000000e+01,  6.00000000e+00],
       [ 6.22510926e-02,  1.40000000e+01,  8.00000000e+00],
       [ 9.72505686e-03,  1.40000000e+01,  1.00000000e+01],
       [ 5.61490781e-03,  1.40000000e+01,  1.20000000e+01],
       [ 9.60529612e-03,  1.40000000e+01,  1.40000000e+01],
       [-6.08145411e-03,  1.50000000e+01, -1.50000000e+01],
       [ 3.33337629e-03,  1.50000000e+01, -1.30000000e+01],
       [ 1.30380320e-02,  1.50000000e+01, -1.10000000e+01],
       [-5.48467748e-02,  1.50000000e+01, -9.00000000e+00],
       [ 4.51074853e-02,  1.50000000e+01, -7.00000000e+00],
       [-1.84830048e-01,  1.50000000e+01, -5.00000000e+00],
       [ 1.90669104e-01,  1.50000000e+01, -3.00000000e+00],
       [ 2.57426624e-01,  1.50000000e+01, -1.00000000e+00],
       [ 1.10925515e+00,  1.50000000e+01,  1.00000000e+00],
       [ 1.06758439e-01,  1.50000000e+01,  3.00000000e+00],
       [-2.11490974e-02,  1.50000000e+01,  5.00000000e+00],
       [-1.25509492e-02,  1.50000000e+01,  7.00000000e+00],
       [ 2.02836168e-02,  1.50000000e+01,  9.00000000e+00],
       [-3.26898151e-02,  1.50000000e+01,  1.10000000e+01],
       [ 8.32174633e-03,  1.50000000e+01,  1.30000000e+01],
       [-1.06344813e-02,  1.50000000e+01,  1.50000000e+01],
       [ 2.79359097e-03,  1.60000000e+01, -1.60000000e+01],
       [-3.12717963e-03,  1.60000000e+01, -1.40000000e+01],
       [ 7.70140384e-04,  1.60000000e+01, -1.20000000e+01],
       [-1.42392790e-02,  1.60000000e+01, -1.00000000e+01],
       [ 9.04494749e-02,  1.60000000e+01, -8.00000000e+00],
       [-4.42335432e-02,  1.60000000e+01, -6.00000000e+00],
       [ 9.24626087e-01,  1.60000000e+01, -4.00000000e+00],
       [-6.24350070e-02,  1.60000000e+01, -2.00000000e+00],
       [ 4.16901509e+00,  1.60000000e+01,  0.00000000e+00],
       [-1.69786001e-01,  1.60000000e+01,  2.00000000e+00],
       [ 7.25012212e-01,  1.60000000e+01,  4.00000000e+00],
       [ 1.43360599e-04,  1.60000000e+01,  6.00000000e+00],
       [-2.23351524e-02,  1.60000000e+01,  8.00000000e+00],
       [ 1.25292264e-02,  1.60000000e+01,  1.00000000e+01],
       [ 2.11105252e-02,  1.60000000e+01,  1.20000000e+01],
       [-6.38098208e-03,  1.60000000e+01,  1.40000000e+01],
       [ 2.85807153e-03,  1.60000000e+01,  1.60000000e+01],
       [ 1.90048798e-03,  1.70000000e+01, -1.70000000e+01],
       [ 2.12377050e-03,  1.70000000e+01, -1.50000000e+01],
       [-3.89610434e-03,  1.70000000e+01, -1.30000000e+01],
       [-9.55820002e-03,  1.70000000e+01, -1.10000000e+01],
       [ 7.65774778e-02,  1.70000000e+01, -9.00000000e+00],
       [-1.31517677e-01,  1.70000000e+01, -7.00000000e+00],
       [ 1.54853860e-01,  1.70000000e+01, -5.00000000e+00],
       [ 1.82700487e-01,  1.70000000e+01, -3.00000000e+00],
       [-6.40852172e-01,  1.70000000e+01, -1.00000000e+00],
       [-2.69977355e+00,  1.70000000e+01,  1.00000000e+00],
       [ 2.02355424e-01,  1.70000000e+01,  3.00000000e+00],
       [ 3.10291916e-02,  1.70000000e+01,  5.00000000e+00],
       [ 3.91709980e-02,  1.70000000e+01,  7.00000000e+00],
       [-4.13411638e-02,  1.70000000e+01,  9.00000000e+00],
       [ 7.98726056e-03,  1.70000000e+01,  1.10000000e+01],
       [-2.01304356e-02,  1.70000000e+01,  1.30000000e+01],
       [ 1.27620206e-03,  1.70000000e+01,  1.50000000e+01],
       [ 3.24003098e-03,  1.70000000e+01,  1.70000000e+01],
       [-2.08545817e-03,  1.80000000e+01, -1.80000000e+01],
       [ 1.56693553e-03,  1.80000000e+01, -1.60000000e+01],
       [ 4.74293150e-03,  1.80000000e+01, -1.40000000e+01],
       [ 4.29448085e-03,  1.80000000e+01, -1.20000000e+01],
       [ 2.83746270e-02,  1.80000000e+01, -1.00000000e+01],
       [ 2.77815611e-02,  1.80000000e+01, -8.00000000e+00],
       [ 9.57296560e-02,  1.80000000e+01, -6.00000000e+00],
       [-5.91174492e-01,  1.80000000e+01, -4.00000000e+00],
       [ 5.85532482e-01,  1.80000000e+01, -2.00000000e+00],
       [-1.37616491e+00,  1.80000000e+01,  0.00000000e+00],
       [ 9.57843704e-01,  1.80000000e+01,  2.00000000e+00],
       [-3.92297032e-01,  1.80000000e+01,  4.00000000e+00],
       [ 2.39861779e-02,  1.80000000e+01,  6.00000000e+00],
       [-2.93442010e-02,  1.80000000e+01,  8.00000000e+00],
       [-1.70633303e-02,  1.80000000e+01,  1.00000000e+01],
       [-1.30683734e-02,  1.80000000e+01,  1.20000000e+01],
       [ 2.11934394e-03,  1.80000000e+01,  1.40000000e+01],
       [ 4.11443754e-03,  1.80000000e+01,  1.60000000e+01],
       [ 1.02387493e-04,  1.80000000e+01,  1.80000000e+01],
       [-1.30656497e-03,  1.90000000e+01, -1.90000000e+01],
       [-1.62965776e-03,  1.90000000e+01, -1.70000000e+01],
       [ 9.05477157e-05,  1.90000000e+01, -1.50000000e+01],
       [ 1.59861439e-03,  1.90000000e+01, -1.30000000e+01],
       [ 2.87123383e-03,  1.90000000e+01, -1.10000000e+01],
       [-8.93758566e-02,  1.90000000e+01, -9.00000000e+00],
       [ 9.44464183e-02,  1.90000000e+01, -7.00000000e+00],
       [ 3.07738816e-01,  1.90000000e+01, -5.00000000e+00],
       [-4.01821765e-01,  1.90000000e+01, -3.00000000e+00],
       [ 3.29828899e-01,  1.90000000e+01, -1.00000000e+00],
       [ 1.55284497e+00,  1.90000000e+01,  1.00000000e+00],
       [-3.42078431e-01,  1.90000000e+01,  3.00000000e+00],
       [ 7.10831637e-02,  1.90000000e+01,  5.00000000e+00],
       [-7.69302023e-03,  1.90000000e+01,  7.00000000e+00],
       [ 5.43612690e-02,  1.90000000e+01,  9.00000000e+00],
       [ 8.43918968e-03,  1.90000000e+01,  1.10000000e+01],
       [ 5.81489611e-03,  1.90000000e+01,  1.30000000e+01],
       [ 3.69312339e-03,  1.90000000e+01,  1.50000000e+01],
       [-3.64799965e-04,  1.90000000e+01,  1.70000000e+01],
       [-9.31304791e-04,  1.90000000e+01,  1.90000000e+01],
       [ 1.90715846e-04,  2.00000000e+01, -2.00000000e+01],
       [-2.89350882e-04,  2.00000000e+01, -1.80000000e+01],
       [-1.26664067e-03,  2.00000000e+01, -1.60000000e+01],
       [ 1.33135468e-03,  2.00000000e+01, -1.40000000e+01],
       [-4.14230316e-03,  2.00000000e+01, -1.20000000e+01],
       [-1.80083450e-02,  2.00000000e+01, -1.00000000e+01],
       [-1.27294128e-01,  2.00000000e+01, -8.00000000e+00],
       [-2.19089322e-01,  2.00000000e+01, -6.00000000e+00],
       [ 3.12327325e-01,  2.00000000e+01, -4.00000000e+00],
       [-3.61811229e-01,  2.00000000e+01, -2.00000000e+00],
       [-1.39831549e+00,  2.00000000e+01,  0.00000000e+00],
       [-5.70968822e-01,  2.00000000e+01,  2.00000000e+00],
       [ 1.43322954e-01,  2.00000000e+01,  4.00000000e+00],
       [-1.21882174e-02,  2.00000000e+01,  6.00000000e+00],
       [ 5.02928689e-02,  2.00000000e+01,  8.00000000e+00],
       [-8.66363221e-03,  2.00000000e+01,  1.00000000e+01],
       [-5.69227686e-04,  2.00000000e+01,  1.20000000e+01],
       [ 6.38874145e-03,  2.00000000e+01,  1.40000000e+01],
       [ 1.29888325e-03,  2.00000000e+01,  1.60000000e+01],
       [ 1.41149101e-05,  2.00000000e+01,  1.80000000e+01],
       [ 2.92387021e-03,  2.00000000e+01,  2.00000000e+01],
       [ 7.13195731e-04,  2.10000000e+01, -2.10000000e+01],
       [-1.63737650e-03,  2.10000000e+01, -1.90000000e+01],
       [ 3.34608550e-03,  2.10000000e+01, -1.70000000e+01],
       [-3.15682347e-03,  2.10000000e+01, -1.50000000e+01],
       [ 2.81055417e-03,  2.10000000e+01, -1.30000000e+01],
       [-5.91808332e-03,  2.10000000e+01, -1.10000000e+01],
       [ 4.24726630e-02,  2.10000000e+01, -9.00000000e+00],
       [ 2.45026576e-02,  2.10000000e+01, -7.00000000e+00],
       [-5.38706286e-01,  2.10000000e+01, -5.00000000e+00],
       [ 6.72226310e-02,  2.10000000e+01, -3.00000000e+00],
       [-2.78859560e-02,  2.10000000e+01, -1.00000000e+00],
       [ 2.48115675e-02,  2.10000000e+01,  1.00000000e+00],
       [ 1.31670292e-03,  2.10000000e+01,  3.00000000e+00],
       [-1.52841160e-01,  2.10000000e+01,  5.00000000e+00],
       [-3.97450216e-02,  2.10000000e+01,  7.00000000e+00],
       [-1.43355998e-02,  2.10000000e+01,  9.00000000e+00],
       [ 1.27121916e-03,  2.10000000e+01,  1.10000000e+01],
       [ 9.68951910e-03,  2.10000000e+01,  1.30000000e+01],
       [-3.53867035e-03,  2.10000000e+01,  1.50000000e+01],
       [ 2.08917771e-03,  2.10000000e+01,  1.70000000e+01],
       [-1.42860473e-04,  2.10000000e+01,  1.90000000e+01],
       [-9.80634995e-04,  2.10000000e+01,  2.10000000e+01]])]