Input File Info:
/home/joaoalb/Documents/Cosmologia/GRASP_Student/minus930_minus304_005_922/Retangular_MINUS930_MINUS304_linear_x_1180.0/spherical_grid.grd
No. points = [[922 922]]
Grid limits = [[0.1 0.  0.2 0.1]]
Maximum at = [[0.14809989 0.04777416]]

Radius: 0.03
Frequencies (GHz):
[1.18]
NRME:
[2.9951477452870927]
Reconstructed Power Fractions:
[0.9958393496494037]
Residual Power Fraction:
[0.0041606503505982415]
Coefficients:
[array([[ 2.73207040e+01,  0.00000000e+00,  0.00000000e+00],
       [-8.69346787e-01,  1.00000000e+00, -1.00000000e+00],
       [-2.15676527e+00,  1.00000000e+00,  1.00000000e+00],
       [ 6.21622252e-01,  2.00000000e+00, -2.00000000e+00],
       [-3.10100844e+01,  2.00000000e+00,  0.00000000e+00],
       [ 7.00066054e-01,  2.00000000e+00,  2.00000000e+00],
       [-1.38552866e-01,  3.00000000e+00, -3.00000000e+00],
       [ 6.68067452e-01,  3.00000000e+00, -1.00000000e+00],
       [ 9.70062810e-01,  3.00000000e+00,  1.00000000e+00],
       [-1.69375086e-01,  3.00000000e+00,  3.00000000e+00],
       [ 4.21192739e-01,  4.00000000e+00, -4.00000000e+00],
       [-3.92031155e-01,  4.00000000e+00, -2.00000000e+00],
       [ 2.84154854e+01,  4.00000000e+00,  0.00000000e+00],
       [-3.69690403e-01,  4.00000000e+00,  2.00000000e+00],
       [ 4.03129277e-01,  4.00000000e+00,  4.00000000e+00],
       [ 2.94760369e-02,  5.00000000e+00, -5.00000000e+00],
       [-8.13561684e-02,  5.00000000e+00, -3.00000000e+00],
       [-2.74271090e-01,  5.00000000e+00, -1.00000000e+00],
       [ 7.48646726e-01,  5.00000000e+00,  1.00000000e+00],
       [ 7.48522453e-02,  5.00000000e+00,  3.00000000e+00],
       [ 3.91554828e-02,  5.00000000e+00,  5.00000000e+00],
       [ 7.44047134e-02,  6.00000000e+00, -6.00000000e+00],
       [-5.40783758e-01,  6.00000000e+00, -4.00000000e+00],
       [ 3.27201655e-01,  6.00000000e+00, -2.00000000e+00],
       [-2.41831659e+01,  6.00000000e+00,  0.00000000e+00],
       [ 3.66384872e-01,  6.00000000e+00,  2.00000000e+00],
       [-5.58664663e-01,  6.00000000e+00,  4.00000000e+00],
       [ 2.35175683e-03,  6.00000000e+00,  6.00000000e+00],
       [ 9.71804566e-03,  7.00000000e+00, -7.00000000e+00],
       [ 1.90831993e-01,  7.00000000e+00, -5.00000000e+00],
       [-2.99395400e-01,  7.00000000e+00, -3.00000000e+00],
       [-2.65016734e-01,  7.00000000e+00, -1.00000000e+00],
       [-2.27102254e+00,  7.00000000e+00,  1.00000000e+00],
       [-3.86686981e-01,  7.00000000e+00,  3.00000000e+00],
       [ 3.32802132e-02,  7.00000000e+00,  5.00000000e+00],
       [-3.09659415e-02,  7.00000000e+00,  7.00000000e+00],
       [ 2.21051110e-02,  8.00000000e+00, -8.00000000e+00],
       [-9.86797827e-02,  8.00000000e+00, -6.00000000e+00],
       [ 1.10340857e+00,  8.00000000e+00, -4.00000000e+00],
       [-3.65589735e-01,  8.00000000e+00, -2.00000000e+00],
       [ 1.81409781e+01,  8.00000000e+00,  0.00000000e+00],
       [-4.54209326e-01,  8.00000000e+00,  2.00000000e+00],
       [ 8.02480450e-01,  8.00000000e+00,  4.00000000e+00],
       [ 4.25917129e-02,  8.00000000e+00,  6.00000000e+00],
       [ 2.82132050e-03,  8.00000000e+00,  8.00000000e+00],
       [ 1.15241051e-02,  9.00000000e+00, -9.00000000e+00],
       [ 5.19636714e-02,  9.00000000e+00, -7.00000000e+00],
       [-5.21857458e-01,  9.00000000e+00, -5.00000000e+00],
       [ 9.64804944e-02,  9.00000000e+00, -3.00000000e+00],
       [ 6.14054982e-01,  9.00000000e+00, -1.00000000e+00],
       [ 3.15824011e+00,  9.00000000e+00,  1.00000000e+00],
       [ 2.29567127e-01,  9.00000000e+00,  3.00000000e+00],
       [-1.23843560e-01,  9.00000000e+00,  5.00000000e+00],
       [-2.17280637e-02,  9.00000000e+00,  7.00000000e+00],
       [ 1.14266542e-02,  9.00000000e+00,  9.00000000e+00],
       [ 6.92375607e-03,  1.00000000e+01, -1.00000000e+01],
       [-7.41251104e-02,  1.00000000e+01, -8.00000000e+00],
       [-9.31272406e-04,  1.00000000e+01, -6.00000000e+00],
       [-1.16778766e+00,  1.00000000e+01, -4.00000000e+00],
       [-7.23738344e-03,  1.00000000e+01, -2.00000000e+00],
       [-1.32754913e+01,  1.00000000e+01,  0.00000000e+00],
       [ 9.61089437e-03,  1.00000000e+01,  2.00000000e+00],
       [-9.24826227e-01,  1.00000000e+01,  4.00000000e+00],
       [-5.22844857e-02,  1.00000000e+01,  6.00000000e+00],
       [ 4.45064081e-02,  1.00000000e+01,  8.00000000e+00],
       [-1.90658927e-02,  1.00000000e+01,  1.00000000e+01],
       [ 3.23616176e-03,  1.10000000e+01, -1.10000000e+01],
       [-3.61901562e-03,  1.10000000e+01, -9.00000000e+00],
       [ 9.90830169e-03,  1.10000000e+01, -7.00000000e+00],
       [ 3.59641029e-01,  1.10000000e+01, -5.00000000e+00],
       [-1.51226587e-01,  1.10000000e+01, -3.00000000e+00],
       [-2.81719694e-01,  1.10000000e+01, -1.00000000e+00],
       [-1.77785425e+00,  1.10000000e+01,  1.00000000e+00],
       [-2.15928935e-01,  1.10000000e+01,  3.00000000e+00],
       [ 1.36615227e-01,  1.10000000e+01,  5.00000000e+00],
       [-2.68351642e-02,  1.10000000e+01,  7.00000000e+00],
       [-1.70830890e-02,  1.10000000e+01,  9.00000000e+00],
       [ 1.43260661e-02,  1.10000000e+01,  1.10000000e+01],
       [-2.16299449e-03,  1.20000000e+01, -1.20000000e+01],
       [-3.40578782e-03,  1.20000000e+01, -1.00000000e+01],
       [ 8.72235328e-02,  1.20000000e+01, -8.00000000e+00],
       [ 1.34508805e-01,  1.20000000e+01, -6.00000000e+00],
       [ 1.42197859e+00,  1.20000000e+01, -4.00000000e+00],
       [-4.34820022e-01,  1.20000000e+01, -2.00000000e+00],
       [ 9.31281800e+00,  1.20000000e+01,  0.00000000e+00],
       [-5.78496416e-01,  1.20000000e+01,  2.00000000e+00],
       [ 1.02645007e+00,  1.20000000e+01,  4.00000000e+00],
       [ 3.93213617e-02,  1.20000000e+01,  6.00000000e+00],
       [-5.56589868e-03,  1.20000000e+01,  8.00000000e+00],
       [ 2.04670671e-03,  1.20000000e+01,  1.00000000e+01],
       [-2.04019244e-02,  1.20000000e+01,  1.20000000e+01],
       [ 7.26572594e-03,  1.30000000e+01, -1.30000000e+01],
       [ 3.64284362e-03,  1.30000000e+01, -1.10000000e+01],
       [ 3.24709994e-02,  1.30000000e+01, -9.00000000e+00],
       [-1.05321245e-02,  1.30000000e+01, -7.00000000e+00],
       [-4.55351719e-01,  1.30000000e+01, -5.00000000e+00],
       [ 3.78154563e-01,  1.30000000e+01, -3.00000000e+00],
       [ 3.32984030e-01,  1.30000000e+01, -1.00000000e+00],
       [ 1.32607234e+00,  1.30000000e+01,  1.00000000e+00],
       [ 3.08908838e-01,  1.30000000e+01,  3.00000000e+00],
       [-1.12723365e-01,  1.30000000e+01,  5.00000000e+00],
       [ 9.58524773e-03,  1.30000000e+01,  7.00000000e+00],
       [-1.78076758e-02,  1.30000000e+01,  9.00000000e+00],
       [-8.94153284e-03,  1.30000000e+01,  1.10000000e+01],
       [ 1.19394872e-02,  1.30000000e+01,  1.30000000e+01],
       [-6.82278274e-03,  1.40000000e+01, -1.40000000e+01],
       [-5.65523894e-03,  1.40000000e+01, -1.20000000e+01],
       [-5.14036422e-04,  1.40000000e+01, -1.00000000e+01],
       [-1.47246275e-01,  1.40000000e+01, -8.00000000e+00],
       [-3.39303708e-02,  1.40000000e+01, -6.00000000e+00],
       [-1.65171997e+00,  1.40000000e+01, -4.00000000e+00],
       [ 1.51515360e-01,  1.40000000e+01, -2.00000000e+00],
       [-5.41653215e+00,  1.40000000e+01,  0.00000000e+00],
       [ 1.15648129e-01,  1.40000000e+01,  2.00000000e+00],
       [-1.11771273e+00,  1.40000000e+01,  4.00000000e+00],
       [-7.20589694e-02,  1.40000000e+01,  6.00000000e+00],
       [ 6.88009391e-02,  1.40000000e+01,  8.00000000e+00],
       [ 9.53748276e-03,  1.40000000e+01,  1.00000000e+01],
       [ 2.25502804e-02,  1.40000000e+01,  1.20000000e+01],
       [-4.09973811e-03,  1.40000000e+01,  1.40000000e+01],
       [ 2.59740358e-03,  1.50000000e+01, -1.50000000e+01],
       [-2.08152413e-03,  1.50000000e+01, -1.30000000e+01],
       [ 1.03082024e-02,  1.50000000e+01, -1.10000000e+01],
       [-4.34140554e-02,  1.50000000e+01, -9.00000000e+00],
       [-3.04734210e-03,  1.50000000e+01, -7.00000000e+00],
       [ 1.94261029e-01,  1.50000000e+01, -5.00000000e+00],
       [ 6.85081550e-02,  1.50000000e+01, -3.00000000e+00],
       [-4.74247384e-04,  1.50000000e+01, -1.00000000e+00],
       [-2.98031364e-01,  1.50000000e+01,  1.00000000e+00],
       [ 6.51086607e-02,  1.50000000e+01,  3.00000000e+00],
       [ 5.44015546e-02,  1.50000000e+01,  5.00000000e+00],
       [ 1.51533935e-02,  1.50000000e+01,  7.00000000e+00],
       [-8.69651189e-03,  1.50000000e+01,  9.00000000e+00],
       [-1.43392874e-02,  1.50000000e+01,  1.10000000e+01],
       [-8.50741064e-03,  1.50000000e+01,  1.30000000e+01],
       [ 1.16152548e-03,  1.50000000e+01,  1.50000000e+01],
       [ 5.16167245e-03,  1.60000000e+01, -1.60000000e+01],
       [-3.01580817e-04,  1.60000000e+01, -1.40000000e+01],
       [-2.74255183e-03,  1.60000000e+01, -1.20000000e+01],
       [-2.94774211e-03,  1.60000000e+01, -1.00000000e+01],
       [ 1.40010290e-01,  1.60000000e+01, -8.00000000e+00],
       [ 1.84311674e-02,  1.60000000e+01, -6.00000000e+00],
       [ 1.22213342e+00,  1.60000000e+01, -4.00000000e+00],
       [ 2.55245398e-01,  1.60000000e+01, -2.00000000e+00],
       [ 3.92398961e+00,  1.60000000e+01,  0.00000000e+00],
       [ 4.17377448e-01,  1.60000000e+01,  2.00000000e+00],
       [ 9.31759627e-01,  1.60000000e+01,  4.00000000e+00],
       [ 3.04530597e-02,  1.60000000e+01,  6.00000000e+00],
       [-5.15891847e-02,  1.60000000e+01,  8.00000000e+00],
       [ 8.87244785e-03,  1.60000000e+01,  1.00000000e+01],
       [ 4.39113137e-03,  1.60000000e+01,  1.20000000e+01],
       [ 1.55434833e-05,  1.60000000e+01,  1.40000000e+01],
       [ 4.96639021e-03,  1.60000000e+01,  1.60000000e+01],
       [-9.12000043e-03,  1.70000000e+01, -1.70000000e+01],
       [ 5.68142213e-03,  1.70000000e+01, -1.50000000e+01],
       [-1.77759352e-03,  1.70000000e+01, -1.30000000e+01],
       [-8.12803612e-03,  1.70000000e+01, -1.10000000e+01],
       [ 7.65582371e-02,  1.70000000e+01, -9.00000000e+00],
       [-1.01886273e-01,  1.70000000e+01, -7.00000000e+00],
       [ 7.22521120e-02,  1.70000000e+01, -5.00000000e+00],
       [-9.43383060e-02,  1.70000000e+01, -3.00000000e+00],
       [-6.61415237e-01,  1.70000000e+01, -1.00000000e+00],
       [-1.91005849e+00,  1.70000000e+01,  1.00000000e+00],
       [-9.09399748e-02,  1.70000000e+01,  3.00000000e+00],
       [ 1.77910342e-02,  1.70000000e+01,  5.00000000e+00],
       [ 2.64545956e-02,  1.70000000e+01,  7.00000000e+00],
       [-4.39929798e-02,  1.70000000e+01,  9.00000000e+00],
       [ 1.78187269e-02,  1.70000000e+01,  1.10000000e+01],
       [-1.28680557e-02,  1.70000000e+01,  1.30000000e+01],
       [ 7.32431832e-03,  1.70000000e+01,  1.50000000e+01],
       [-1.67336866e-03,  1.70000000e+01,  1.70000000e+01],
       [ 4.81673843e-03,  1.80000000e+01, -1.80000000e+01],
       [-4.35548038e-03,  1.80000000e+01, -1.60000000e+01],
       [ 5.26076667e-03,  1.80000000e+01, -1.40000000e+01],
       [-3.71379538e-03,  1.80000000e+01, -1.20000000e+01],
       [ 1.91691122e-02,  1.80000000e+01, -1.00000000e+01],
       [-6.94061103e-02,  1.80000000e+01, -8.00000000e+00],
       [ 3.74551874e-02,  1.80000000e+01, -6.00000000e+00],
       [-7.48370363e-01,  1.80000000e+01, -4.00000000e+00],
       [ 2.70586023e-01,  1.80000000e+01, -2.00000000e+00],
       [-2.78837966e+00,  1.80000000e+01,  0.00000000e+00],
       [ 3.26929095e-01,  1.80000000e+01,  2.00000000e+00],
       [-5.73769590e-01,  1.80000000e+01,  4.00000000e+00],
       [ 1.06402834e-02,  1.80000000e+01,  6.00000000e+00],
       [ 5.14903783e-03,  1.80000000e+01,  8.00000000e+00],
       [ 1.52286721e-05,  1.80000000e+01,  1.00000000e+01],
       [-1.85502852e-02,  1.80000000e+01,  1.20000000e+01],
       [ 7.15503960e-03,  1.80000000e+01,  1.40000000e+01],
       [-3.61373570e-03,  1.80000000e+01,  1.60000000e+01],
       [-1.72376152e-03,  1.80000000e+01,  1.80000000e+01],
       [-6.33052415e-04,  1.90000000e+01, -1.90000000e+01],
       [-2.02796504e-03,  1.90000000e+01, -1.70000000e+01],
       [-4.51912171e-03,  1.90000000e+01, -1.50000000e+01],
       [ 9.17386298e-03,  1.90000000e+01, -1.30000000e+01],
       [ 2.53322270e-03,  1.90000000e+01, -1.10000000e+01],
       [-9.97793295e-02,  1.90000000e+01, -9.00000000e+00],
       [ 1.19582891e-01,  1.90000000e+01, -7.00000000e+00],
       [ 5.87700398e-02,  1.90000000e+01, -5.00000000e+00],
       [-2.45676676e-01,  1.90000000e+01, -3.00000000e+00],
       [ 7.11469733e-01,  1.90000000e+01, -1.00000000e+00],
       [ 2.44853852e+00,  1.90000000e+01,  1.00000000e+00],
       [-1.67185126e-01,  1.90000000e+01,  3.00000000e+00],
       [ 5.44843058e-03,  1.90000000e+01,  5.00000000e+00],
       [-1.27607057e-02,  1.90000000e+01,  7.00000000e+00],
       [ 5.65250574e-02,  1.90000000e+01,  9.00000000e+00],
       [ 2.96650864e-03,  1.90000000e+01,  1.10000000e+01],
       [ 2.14473625e-02,  1.90000000e+01,  1.30000000e+01],
       [-1.70195214e-03,  1.90000000e+01,  1.50000000e+01],
       [-5.13277221e-04,  1.90000000e+01,  1.70000000e+01],
       [ 1.14487169e-03,  1.90000000e+01,  1.90000000e+01],
       [-9.73991104e-04,  2.00000000e+01, -2.00000000e+01],
       [ 4.76821774e-03,  2.00000000e+01, -1.80000000e+01],
       [-1.56938179e-03,  2.00000000e+01, -1.60000000e+01],
       [-6.07221008e-03,  2.00000000e+01, -1.40000000e+01],
       [-6.26402667e-03,  2.00000000e+01, -1.20000000e+01],
       [-2.53417464e-02,  2.00000000e+01, -1.00000000e+01],
       [-3.76814288e-02,  2.00000000e+01, -8.00000000e+00],
       [-1.15100357e-01,  2.00000000e+01, -6.00000000e+00],
       [ 4.55755066e-01,  2.00000000e+01, -4.00000000e+00],
       [-6.14546101e-01,  2.00000000e+01, -2.00000000e+00],
       [ 2.18355147e-01,  2.00000000e+01,  0.00000000e+00],
       [-8.27012609e-01,  2.00000000e+01,  2.00000000e+00],
       [ 2.58457555e-01,  2.00000000e+01,  4.00000000e+00],
       [-1.96946775e-02,  2.00000000e+01,  6.00000000e+00],
       [ 3.75439723e-02,  2.00000000e+01,  8.00000000e+00],
       [ 1.56581334e-02,  2.00000000e+01,  1.00000000e+01],
       [ 4.86804517e-03,  2.00000000e+01,  1.20000000e+01],
       [-1.62060112e-03,  2.00000000e+01,  1.40000000e+01],
       [-3.98133519e-03,  2.00000000e+01,  1.60000000e+01],
       [ 5.12942579e-04,  2.00000000e+01,  1.80000000e+01],
       [ 3.21738900e-03,  2.00000000e+01,  2.00000000e+01],
       [ 6.38864360e-04,  2.10000000e+01, -2.10000000e+01],
       [-2.56583480e-03,  2.10000000e+01, -1.90000000e+01],
       [ 4.11329911e-03,  2.10000000e+01, -1.70000000e+01],
       [-9.39959416e-04,  2.10000000e+01, -1.50000000e+01],
       [ 5.45805853e-03,  2.10000000e+01, -1.30000000e+01],
       [-3.33808896e-03,  2.10000000e+01, -1.10000000e+01],
       [ 9.29555591e-02,  2.10000000e+01, -9.00000000e+00],
       [-1.05496874e-01,  2.10000000e+01, -7.00000000e+00],
       [-3.67628246e-01,  2.10000000e+01, -5.00000000e+00],
       [ 3.39239540e-01,  2.10000000e+01, -3.00000000e+00],
       [-1.96373487e-01,  2.10000000e+01, -1.00000000e+00],
       [-9.89732705e-01,  2.10000000e+01,  1.00000000e+00],
       [ 2.05529109e-01,  2.10000000e+01,  3.00000000e+00],
       [-7.62986366e-02,  2.10000000e+01,  5.00000000e+00],
       [ 8.88736449e-04,  2.10000000e+01,  7.00000000e+00],
       [-6.88963520e-02,  2.10000000e+01,  9.00000000e+00],
       [-1.59981734e-02,  2.10000000e+01,  1.10000000e+01],
       [-6.55901040e-03,  2.10000000e+01,  1.30000000e+01],
       [-1.69586851e-03,  2.10000000e+01,  1.50000000e+01],
       [ 3.14474823e-03,  2.10000000e+01,  1.70000000e+01],
       [ 1.80756348e-03,  2.10000000e+01,  1.90000000e+01],
       [-2.77200930e-03,  2.10000000e+01,  2.10000000e+01]])]