Input File Info:
/home/joaoalb/Documents/Cosmologia/GRASP_Student/minus930_minus304_005_922/Retangular_MINUS930_MINUS304_linear_x_1220.0/spherical_grid.grd
No. points = [[922 922]]
Grid limits = [[0.1 0.  0.2 0.1]]
Maximum at = [[0.14820847 0.04777416]]

Radius: 0.03
Frequencies (GHz):
[1.22]
NRME:
[2.996596461460794]
Reconstructed Power Fractions:
[0.9960777613165833]
Residual Power Fraction:
[0.003922238683413261]
Coefficients:
[array([[ 2.69100538e+01,  0.00000000e+00,  0.00000000e+00],
       [-7.74094121e-01,  1.00000000e+00, -1.00000000e+00],
       [-1.98809488e+00,  1.00000000e+00,  1.00000000e+00],
       [ 5.34063782e-01,  2.00000000e+00, -2.00000000e+00],
       [-3.12472134e+01,  2.00000000e+00,  0.00000000e+00],
       [ 5.97790024e-01,  2.00000000e+00,  2.00000000e+00],
       [-1.36477751e-01,  3.00000000e+00, -3.00000000e+00],
       [ 6.82599568e-01,  3.00000000e+00, -1.00000000e+00],
       [ 1.25220744e+00,  3.00000000e+00,  1.00000000e+00],
       [-1.76626443e-01,  3.00000000e+00,  3.00000000e+00],
       [ 4.05970424e-01,  4.00000000e+00, -4.00000000e+00],
       [-5.54700188e-01,  4.00000000e+00, -2.00000000e+00],
       [ 2.90500452e+01,  4.00000000e+00,  0.00000000e+00],
       [-5.90817681e-01,  4.00000000e+00,  2.00000000e+00],
       [ 3.75512087e-01,  4.00000000e+00,  4.00000000e+00],
       [-5.09371429e-02,  5.00000000e+00, -5.00000000e+00],
       [ 6.85579113e-03,  5.00000000e+00, -3.00000000e+00],
       [-1.48787242e-01,  5.00000000e+00, -1.00000000e+00],
       [ 7.81124148e-01,  5.00000000e+00,  1.00000000e+00],
       [ 1.38209121e-01,  5.00000000e+00,  3.00000000e+00],
       [ 2.69618700e-02,  5.00000000e+00,  5.00000000e+00],
       [ 1.17093000e-01,  6.00000000e+00, -6.00000000e+00],
       [-5.23379054e-01,  6.00000000e+00, -4.00000000e+00],
       [ 2.46325702e-01,  6.00000000e+00, -2.00000000e+00],
       [-2.47214876e+01,  6.00000000e+00,  0.00000000e+00],
       [ 2.48046102e-01,  6.00000000e+00,  2.00000000e+00],
       [-5.31468571e-01,  6.00000000e+00,  4.00000000e+00],
       [-1.68336760e-02,  6.00000000e+00,  6.00000000e+00],
       [-1.58624335e-02,  7.00000000e+00, -7.00000000e+00],
       [ 1.46619590e-01,  7.00000000e+00, -5.00000000e+00],
       [-2.14886508e-01,  7.00000000e+00, -3.00000000e+00],
       [-1.97716536e-01,  7.00000000e+00, -1.00000000e+00],
       [-1.77875826e+00,  7.00000000e+00,  1.00000000e+00],
       [-3.58137791e-01,  7.00000000e+00,  3.00000000e+00],
       [ 4.36085108e-02,  7.00000000e+00,  5.00000000e+00],
       [-1.36440986e-02,  7.00000000e+00,  7.00000000e+00],
       [ 2.16277633e-02,  8.00000000e+00, -8.00000000e+00],
       [-5.93317244e-02,  8.00000000e+00, -6.00000000e+00],
       [ 9.38258488e-01,  8.00000000e+00, -4.00000000e+00],
       [-4.52236136e-01,  8.00000000e+00, -2.00000000e+00],
       [ 1.90386543e+01,  8.00000000e+00,  0.00000000e+00],
       [-5.68944613e-01,  8.00000000e+00,  2.00000000e+00],
       [ 7.24658784e-01,  8.00000000e+00,  4.00000000e+00],
       [ 2.10791518e-02,  8.00000000e+00,  6.00000000e+00],
       [ 2.61226573e-03,  8.00000000e+00,  8.00000000e+00],
       [ 1.14614209e-02,  9.00000000e+00, -9.00000000e+00],
       [ 1.31195448e-02,  9.00000000e+00, -7.00000000e+00],
       [-6.06894410e-01,  9.00000000e+00, -5.00000000e+00],
       [ 3.14318102e-01,  9.00000000e+00, -3.00000000e+00],
       [ 6.78363082e-01,  9.00000000e+00, -1.00000000e+00],
       [ 2.95319425e+00,  9.00000000e+00,  1.00000000e+00],
       [ 4.25395006e-01,  9.00000000e+00,  3.00000000e+00],
       [-1.56767521e-01,  9.00000000e+00,  5.00000000e+00],
       [ 3.20836750e-03,  9.00000000e+00,  7.00000000e+00],
       [ 3.21524460e-03,  9.00000000e+00,  9.00000000e+00],
       [ 6.92195498e-03,  1.00000000e+01, -1.00000000e+01],
       [-6.43461297e-02,  1.00000000e+01, -8.00000000e+00],
       [ 6.02699495e-02,  1.00000000e+01, -6.00000000e+00],
       [-1.17778380e+00,  1.00000000e+01, -4.00000000e+00],
       [ 3.18794864e-02,  1.00000000e+01, -2.00000000e+00],
       [-1.36219850e+01,  1.00000000e+01,  0.00000000e+00],
       [ 1.90504329e-02,  1.00000000e+01,  2.00000000e+00],
       [-8.73599336e-01,  1.00000000e+01,  4.00000000e+00],
       [-6.52658971e-02,  1.00000000e+01,  6.00000000e+00],
       [ 3.11643159e-02,  1.00000000e+01,  8.00000000e+00],
       [-6.37561596e-03,  1.00000000e+01,  1.00000000e+01],
       [ 1.55554221e-03,  1.10000000e+01, -1.10000000e+01],
       [-2.02376645e-03,  1.10000000e+01, -9.00000000e+00],
       [-3.34566862e-02,  1.10000000e+01, -7.00000000e+00],
       [ 5.49692482e-01,  1.10000000e+01, -5.00000000e+00],
       [-4.55736660e-02,  1.10000000e+01, -3.00000000e+00],
       [-3.58336771e-01,  1.10000000e+01, -1.00000000e+00],
       [-1.77617220e+00,  1.10000000e+01,  1.00000000e+00],
       [-1.71782851e-01,  1.10000000e+01,  3.00000000e+00],
       [ 2.02114897e-01,  1.10000000e+01,  5.00000000e+00],
       [ 8.06578906e-03,  1.10000000e+01,  7.00000000e+00],
       [-2.02149493e-02,  1.10000000e+01,  9.00000000e+00],
       [-2.62934086e-03,  1.10000000e+01,  1.10000000e+01],
       [ 1.18164943e-03,  1.20000000e+01, -1.20000000e+01],
       [-1.80980026e-03,  1.20000000e+01, -1.00000000e+01],
       [ 9.72420589e-02,  1.20000000e+01, -8.00000000e+00],
       [ 1.50761644e-01,  1.20000000e+01, -6.00000000e+00],
       [ 1.22431111e+00,  1.20000000e+01, -4.00000000e+00],
       [-2.38120616e-01,  1.20000000e+01, -2.00000000e+00],
       [ 9.78341557e+00,  1.20000000e+01,  0.00000000e+00],
       [-3.25221379e-01,  1.20000000e+01,  2.00000000e+00],
       [ 9.45272541e-01,  1.20000000e+01,  4.00000000e+00],
       [ 3.91339325e-02,  1.20000000e+01,  6.00000000e+00],
       [-3.06982564e-02,  1.20000000e+01,  8.00000000e+00],
       [ 1.12988959e-02,  1.20000000e+01,  1.00000000e+01],
       [-1.57876751e-03,  1.20000000e+01,  1.20000000e+01],
       [-4.18824950e-04,  1.30000000e+01, -1.30000000e+01],
       [ 9.70943649e-04,  1.30000000e+01, -1.10000000e+01],
       [ 1.58637376e-02,  1.30000000e+01, -9.00000000e+00],
       [-4.98726059e-02,  1.30000000e+01, -7.00000000e+00],
       [-5.10049553e-01,  1.30000000e+01, -5.00000000e+00],
       [ 4.10161247e-01,  1.30000000e+01, -3.00000000e+00],
       [ 2.34559686e-01,  1.30000000e+01, -1.00000000e+00],
       [ 8.11699169e-01,  1.30000000e+01,  1.00000000e+00],
       [ 3.72135010e-01,  1.30000000e+01,  3.00000000e+00],
       [-1.80746985e-01,  1.30000000e+01,  5.00000000e+00],
       [ 3.75039615e-02,  1.30000000e+01,  7.00000000e+00],
       [-2.83324233e-03,  1.30000000e+01,  9.00000000e+00],
       [-1.75220063e-02,  1.30000000e+01,  1.10000000e+01],
       [ 7.68961005e-04,  1.30000000e+01,  1.30000000e+01],
       [-3.09801081e-03,  1.40000000e+01, -1.40000000e+01],
       [-8.26329311e-04,  1.40000000e+01, -1.20000000e+01],
       [-4.42882229e-03,  1.40000000e+01, -1.00000000e+01],
       [-1.23684956e-01,  1.40000000e+01, -8.00000000e+00],
       [-9.16845077e-02,  1.40000000e+01, -6.00000000e+00],
       [-1.59868097e+00,  1.40000000e+01, -4.00000000e+00],
       [ 2.90385663e-01,  1.40000000e+01, -2.00000000e+00],
       [-6.04504879e+00,  1.40000000e+01,  0.00000000e+00],
       [ 3.17695870e-01,  1.40000000e+01,  2.00000000e+00],
       [-1.06944909e+00,  1.40000000e+01,  4.00000000e+00],
       [-6.10098274e-02,  1.40000000e+01,  6.00000000e+00],
       [ 3.10272698e-02,  1.40000000e+01,  8.00000000e+00],
       [ 1.81268110e-02,  1.40000000e+01,  1.00000000e+01],
       [ 3.14879101e-02,  1.40000000e+01,  1.20000000e+01],
       [-3.41349031e-05,  1.40000000e+01,  1.40000000e+01],
       [ 6.53719390e-03,  1.50000000e+01, -1.50000000e+01],
       [-8.48463350e-03,  1.50000000e+01, -1.30000000e+01],
       [ 2.27334576e-03,  1.50000000e+01, -1.10000000e+01],
       [-3.81522941e-02,  1.50000000e+01, -9.00000000e+00],
       [-7.73267733e-03,  1.50000000e+01, -7.00000000e+00],
       [ 4.77579962e-01,  1.50000000e+01, -5.00000000e+00],
       [-7.56218113e-02,  1.50000000e+01, -3.00000000e+00],
       [-1.47358721e-01,  1.50000000e+01, -1.00000000e+00],
       [-4.54142673e-01,  1.50000000e+01,  1.00000000e+00],
       [-4.87636769e-02,  1.50000000e+01,  3.00000000e+00],
       [ 1.40358705e-01,  1.50000000e+01,  5.00000000e+00],
       [ 2.03065632e-02,  1.50000000e+01,  7.00000000e+00],
       [ 8.05415924e-03,  1.50000000e+01,  9.00000000e+00],
       [-1.44533366e-02,  1.50000000e+01,  1.10000000e+01],
       [-2.05089656e-02,  1.50000000e+01,  1.30000000e+01],
       [ 1.82720505e-03,  1.50000000e+01,  1.50000000e+01],
       [-5.33400804e-03,  1.60000000e+01, -1.60000000e+01],
       [ 7.84674963e-03,  1.60000000e+01, -1.40000000e+01],
       [ 3.11182598e-03,  1.60000000e+01, -1.20000000e+01],
       [ 1.90408509e-03,  1.60000000e+01, -1.00000000e+01],
       [ 1.63817089e-01,  1.60000000e+01, -8.00000000e+00],
       [ 1.26293262e-02,  1.60000000e+01, -6.00000000e+00],
       [ 1.33557834e+00,  1.60000000e+01, -4.00000000e+00],
       [ 2.15106837e-01,  1.60000000e+01, -2.00000000e+00],
       [ 3.75556051e+00,  1.60000000e+01,  0.00000000e+00],
       [ 3.97103264e-01,  1.60000000e+01,  2.00000000e+00],
       [ 9.68935045e-01,  1.60000000e+01,  4.00000000e+00],
       [ 5.63862676e-02,  1.60000000e+01,  6.00000000e+00],
       [-8.46828177e-02,  1.60000000e+01,  8.00000000e+00],
       [ 1.46963910e-03,  1.60000000e+01,  1.00000000e+01],
       [ 5.06405595e-03,  1.60000000e+01,  1.20000000e+01],
       [ 1.15094092e-02,  1.60000000e+01,  1.40000000e+01],
       [ 1.10030478e-04,  1.60000000e+01,  1.60000000e+01],
       [-1.91855767e-03,  1.70000000e+01, -1.70000000e+01],
       [-6.34056328e-04,  1.70000000e+01, -1.50000000e+01],
       [-4.09466823e-03,  1.70000000e+01, -1.30000000e+01],
       [-8.91623283e-03,  1.70000000e+01, -1.10000000e+01],
       [ 5.32862880e-02,  1.70000000e+01, -9.00000000e+00],
       [-6.58850516e-02,  1.70000000e+01, -7.00000000e+00],
       [-4.90614444e-02,  1.70000000e+01, -5.00000000e+00],
       [-2.36794563e-01,  1.70000000e+01, -3.00000000e+00],
       [-4.91737494e-01,  1.70000000e+01, -1.00000000e+00],
       [-1.42193856e+00,  1.70000000e+01,  1.00000000e+00],
       [-2.17065868e-01,  1.70000000e+01,  3.00000000e+00],
       [-5.49987605e-02,  1.70000000e+01,  5.00000000e+00],
       [ 9.17707267e-03,  1.70000000e+01,  7.00000000e+00],
       [-4.85635575e-03,  1.70000000e+01,  9.00000000e+00],
       [ 1.13243304e-02,  1.70000000e+01,  1.10000000e+01],
       [-1.31793009e-02,  1.70000000e+01,  1.30000000e+01],
       [ 1.37633681e-03,  1.70000000e+01,  1.50000000e+01],
       [-2.39460964e-03,  1.70000000e+01,  1.70000000e+01],
       [ 4.49961117e-03,  1.80000000e+01, -1.80000000e+01],
       [-6.61801142e-03,  1.80000000e+01, -1.60000000e+01],
       [ 7.73171930e-03,  1.80000000e+01, -1.40000000e+01],
       [ 2.67112513e-03,  1.80000000e+01, -1.20000000e+01],
       [ 6.74478818e-03,  1.80000000e+01, -1.00000000e+01],
       [-8.79989123e-02,  1.80000000e+01, -8.00000000e+00],
       [-1.24171339e-02,  1.80000000e+01, -6.00000000e+00],
       [-8.41856850e-01,  1.80000000e+01, -4.00000000e+00],
       [ 2.72151834e-02,  1.80000000e+01, -2.00000000e+00],
       [-2.79439092e+00,  1.80000000e+01,  0.00000000e+00],
       [ 3.89081472e-02,  1.80000000e+01,  2.00000000e+00],
       [-6.63300012e-01,  1.80000000e+01,  4.00000000e+00],
       [ 5.15246523e-03,  1.80000000e+01,  6.00000000e+00],
       [ 1.40989523e-02,  1.80000000e+01,  8.00000000e+00],
       [-4.99350945e-03,  1.80000000e+01,  1.00000000e+01],
       [-9.33720098e-03,  1.80000000e+01,  1.20000000e+01],
       [ 6.67139474e-03,  1.80000000e+01,  1.40000000e+01],
       [-5.60930666e-03,  1.80000000e+01,  1.60000000e+01],
       [ 1.64362361e-03,  1.80000000e+01,  1.80000000e+01],
       [-2.02482100e-03,  1.90000000e+01, -1.90000000e+01],
       [ 7.38547900e-03,  1.90000000e+01, -1.70000000e+01],
       [-9.54009276e-03,  1.90000000e+01, -1.50000000e+01],
       [ 3.11558630e-03,  1.90000000e+01, -1.30000000e+01],
       [ 8.63208375e-04,  1.90000000e+01, -1.10000000e+01],
       [-9.37386693e-02,  1.90000000e+01, -9.00000000e+00],
       [ 1.43250559e-01,  1.90000000e+01, -7.00000000e+00],
       [ 3.98972380e-02,  1.90000000e+01, -5.00000000e+00],
       [-1.06730400e-01,  1.90000000e+01, -3.00000000e+00],
       [ 7.46211802e-01,  1.90000000e+01, -1.00000000e+00],
       [ 2.55985134e+00,  1.90000000e+01,  1.00000000e+00],
       [-6.22052918e-02,  1.90000000e+01,  3.00000000e+00],
       [ 1.68424340e-02,  1.90000000e+01,  5.00000000e+00],
       [-2.90868527e-02,  1.90000000e+01,  7.00000000e+00],
       [ 7.33771206e-02,  1.90000000e+01,  9.00000000e+00],
       [ 3.24265009e-03,  1.90000000e+01,  1.10000000e+01],
       [ 1.80983851e-02,  1.90000000e+01,  1.30000000e+01],
       [-5.21240534e-03,  1.90000000e+01,  1.50000000e+01],
       [ 1.36575401e-03,  1.90000000e+01,  1.70000000e+01],
       [ 1.12594102e-03,  1.90000000e+01,  1.90000000e+01],
       [ 8.65947122e-05,  2.00000000e+01, -2.00000000e+01],
       [-2.62492268e-03,  2.00000000e+01, -1.80000000e+01],
       [ 3.24206065e-03,  2.00000000e+01, -1.60000000e+01],
       [-2.68465622e-03,  2.00000000e+01, -1.40000000e+01],
       [-6.66654837e-04,  2.00000000e+01, -1.20000000e+01],
       [-1.20598352e-02,  2.00000000e+01, -1.00000000e+01],
       [-2.51734151e-03,  2.00000000e+01, -8.00000000e+00],
       [-1.11674033e-01,  2.00000000e+01, -6.00000000e+00],
       [ 5.17066336e-01,  2.00000000e+01, -4.00000000e+00],
       [-5.54734612e-01,  2.00000000e+01, -2.00000000e+00],
       [ 8.79086303e-01,  2.00000000e+01,  0.00000000e+00],
       [-8.02318939e-01,  2.00000000e+01,  2.00000000e+00],
       [ 3.42305847e-01,  2.00000000e+01,  4.00000000e+00],
       [-1.07278060e-02,  2.00000000e+01,  6.00000000e+00],
       [ 2.14280688e-02,  2.00000000e+01,  8.00000000e+00],
       [-1.30317335e-02,  2.00000000e+01,  1.00000000e+01],
       [ 7.18614460e-03,  2.00000000e+01,  1.20000000e+01],
       [-2.56212929e-03,  2.00000000e+01,  1.40000000e+01],
       [ 4.00760447e-04,  2.00000000e+01,  1.60000000e+01],
       [ 3.75816118e-03,  2.00000000e+01,  1.80000000e+01],
       [ 3.20474548e-04,  2.00000000e+01,  2.00000000e+01],
       [ 5.42849566e-04,  2.10000000e+01, -2.10000000e+01],
       [-6.86716489e-04,  2.10000000e+01, -1.90000000e+01],
       [ 5.40218387e-03,  2.10000000e+01, -1.70000000e+01],
       [-1.61631381e-03,  2.10000000e+01, -1.50000000e+01],
       [-2.98687263e-03,  2.10000000e+01, -1.30000000e+01],
       [ 3.36069964e-03,  2.10000000e+01, -1.10000000e+01],
       [ 9.97600687e-02,  2.10000000e+01, -9.00000000e+00],
       [-1.04622092e-01,  2.10000000e+01, -7.00000000e+00],
       [-2.80166281e-01,  2.10000000e+01, -5.00000000e+00],
       [ 3.13523201e-01,  2.10000000e+01, -3.00000000e+00],
       [-3.51322143e-01,  2.10000000e+01, -1.00000000e+00],
       [-1.47043631e+00,  2.10000000e+01,  1.00000000e+00],
       [ 2.23198209e-01,  2.10000000e+01,  3.00000000e+00],
       [-6.51542302e-02,  2.10000000e+01,  5.00000000e+00],
       [-7.47055778e-03,  2.10000000e+01,  7.00000000e+00],
       [-6.16806483e-02,  2.10000000e+01,  9.00000000e+00],
       [-1.16615093e-02,  2.10000000e+01,  1.10000000e+01],
       [-1.50741882e-02,  2.10000000e+01,  1.30000000e+01],
       [ 3.96328272e-04,  2.10000000e+01,  1.50000000e+01],
       [ 2.18289194e-03,  2.10000000e+01,  1.70000000e+01],
       [-5.89938611e-04,  2.10000000e+01,  1.90000000e+01],
       [ 4.36780621e-04,  2.10000000e+01,  2.10000000e+01]])]